# K-Shortest Paths Distribution
# Format: src_host dst_host  hop[switches] ...
# ==================================================================

   00:00:00:00:00:04    00:00:00:00:00:08  [3[4,5,6], 5[1,2,3,4,5,6,7,8,9], 7[1,2,3,4,5,6,7,8,9]]
   00:00:00:00:00:04    00:00:00:00:00:02  [3[2,3,5,6], 5[1,2,4,5,6,8,9], 7[1,2,4,5,6,7,8,9]]
   00:00:00:00:00:04    00:00:00:00:00:05  [2[6,9], 4[5,6,8,9], 6[2,3,4,5,6,7,8,9], 8[1,2,3,4,5,6,7,8,9]]
   00:00:00:00:00:04    00:00:00:00:00:03  [2[3,6], 4[2,3,5,6], 6[1,2,3,4,5,6,8,9], 8[1,2,3,4,5,6,7,8,9]]
   00:00:00:00:00:04    00:00:00:00:00:07  [4[4,5,6,7,8,9], 6[1,2,3,4,5,6,7,8,9], 8[1,2,3,4,5,6,7,8,9]]
   00:00:00:00:00:04    00:00:00:00:00:06  [3[5,6,8,9], 5[2,3,4,5,6,7,8], 7[1,2,3,4,5,6,7,8]]
   00:00:00:00:00:04    00:00:00:00:00:01  [4[1,2,3,4,5,6], 6[1,2,3,4,5,6,7,8,9], 8[1,2,3,4,5,6,7,8,9]]
   00:00:00:00:00:08    00:00:00:00:00:04  [3[4,5,6], 5[1,2,3,4,5,6,7,8,9], 7[1,2,3,4,5,6,7,8,9]]
   00:00:00:00:00:08    00:00:00:00:00:02  [3[1,2,4,5], 5[2,3,4,5,6,7,8], 7[2,3,4,5,6,7,8,9]]
   00:00:00:00:00:08    00:00:00:00:00:05  [4[4,5,6,7,8,9], 6[1,2,3,4,5,6,7,8,9], 8[1,2,3,4,5,6,7,8,9]]
   00:00:00:00:00:08    00:00:00:00:00:03  [4[1,2,3,4,5,6], 6[1,2,3,4,5,6,7,8,9], 8[1,2,3,4,5,6,7,8,9]]
   00:00:00:00:00:08    00:00:00:00:00:07  [2[4,7], 4[4,5,7,8], 6[1,2,4,5,6,7,8,9], 8[1,2,3,4,5,6,7,8,9]]
   00:00:00:00:00:08    00:00:00:00:00:06  [3[4,5,7,8], 5[1,2,4,5,6,8,9], 7[1,2,3,4,5,6,8,9]]
   00:00:00:00:00:08    00:00:00:00:00:01  [2[1,4], 4[1,2,4,5], 6[1,2,3,4,5,6,7,8], 8[1,2,3,4,5,6,7,8,9]]
   00:00:00:00:00:02    00:00:00:00:00:04  [3[2,3,5,6], 5[1,2,4,5,6,8,9], 7[1,2,4,5,6,7,8,9]]
   00:00:00:00:00:02    00:00:00:00:00:08  [3[1,2,4,5], 5[2,3,4,5,6,7,8], 7[2,3,4,5,6,7,8,9]]
   00:00:00:00:00:02    00:00:00:00:00:05  [4[2,3,5,6,8,9], 6[1,2,3,4,5,6,7,8,9], 8[1,2,3,4,5,6,7,8,9]]
   00:00:00:00:00:02    00:00:00:00:00:03  [2[2,3], 4[2,3,5,6], 6[1,2,3,4,5,6,8,9], 8[1,2,3,4,5,6,7,8,9]]
   00:00:00:00:00:02    00:00:00:00:00:07  [4[1,2,4,5,7,8], 6[1,2,3,4,5,6,7,8,9], 8[1,2,3,4,5,6,7,8,9]]
   00:00:00:00:00:02    00:00:00:00:00:06  [3[2,5,8], 5[1,2,3,4,5,6,7,8,9], 7[1,2,3,4,5,6,7,8,9]]
   00:00:00:00:00:02    00:00:00:00:00:01  [2[1,2], 4[1,2,4,5], 6[1,2,3,4,5,6,7,8], 8[1,2,3,4,5,6,7,8,9]]
   00:00:00:00:00:05    00:00:00:00:00:04  [2[6,9], 4[5,6,8,9], 6[2,3,4,5,6,7,8,9], 8[1,2,3,4,5,6,7,8,9]]
   00:00:00:00:00:05    00:00:00:00:00:08  [4[4,5,6,7,8,9], 6[1,2,3,4,5,6,7,8,9], 8[1,2,3,4,5,6,7,8,9]]
   00:00:00:00:00:05    00:00:00:00:00:02  [4[2,3,5,6,8,9], 6[1,2,3,4,5,6,7,8,9], 8[1,2,3,4,5,6,7,8,9]]
   00:00:00:00:00:05    00:00:00:00:00:03  [3[3,6,9], 5[2,3,5,6,8,9], 7[1,2,3,4,5,6,7,8,9], 9[1,2,3,4,5,6,7,8,9]]
   00:00:00:00:00:05    00:00:00:00:00:07  [3[7,8,9], 5[4,5,6,7,8,9], 7[1,2,3,4,5,6,7,8,9], 9[1,2,3,4,5,6,7,8,9]]
   00:00:00:00:00:05    00:00:00:00:00:06  [2[8,9], 4[5,6,8,9], 6[2,3,4,5,6,7,8,9], 8[1,2,3,4,5,6,7,8,9]]
   00:00:00:00:00:05    00:00:00:00:00:01  [5[1,2,3,4,5,6,7,8,9], 7[1,2,3,4,5,6,7,8,9], 9[1,2,3,4,5,6,7,8,9]]
   00:00:00:00:00:03    00:00:00:00:00:04  [2[3,6], 4[2,3,5,6], 6[1,2,3,4,5,6,8,9], 8[1,2,3,4,5,6,7,8,9]]
   00:00:00:00:00:03    00:00:00:00:00:08  [4[1,2,3,4,5,6], 6[1,2,3,4,5,6,7,8,9], 8[1,2,3,4,5,6,7,8,9]]
   00:00:00:00:00:03    00:00:00:00:00:02  [2[2,3], 4[2,3,5,6], 6[1,2,3,4,5,6,8,9], 8[1,2,3,4,5,6,7,8,9]]
   00:00:00:00:00:03    00:00:00:00:00:05  [3[3,6,9], 5[2,3,5,6,8,9], 7[1,2,3,4,5,6,7,8,9], 9[1,2,3,4,5,6,7,8,9]]
   00:00:00:00:00:03    00:00:00:00:00:07  [5[1,2,3,4,5,6,7,8,9], 7[1,2,3,4,5,6,7,8,9], 9[1,2,3,4,5,6,7,8,9]]
   00:00:00:00:00:03    00:00:00:00:00:06  [4[2,3,5,6,8,9], 6[1,2,3,4,5,6,7,8,9], 8[1,2,3,4,5,6,7,8,9]]
   00:00:00:00:00:03    00:00:00:00:00:01  [3[1,2,3], 5[1,2,3,4,5,6], 7[1,2,3,4,5,6,7,8,9], 9[1,2,3,4,5,6,7,8,9]]
   00:00:00:00:00:07    00:00:00:00:00:04  [4[4,5,6,7,8,9], 6[1,2,3,4,5,6,7,8,9], 8[1,2,3,4,5,6,7,8,9]]
   00:00:00:00:00:07    00:00:00:00:00:08  [2[4,7], 4[4,5,7,8], 6[1,2,4,5,6,7,8,9], 8[1,2,3,4,5,6,7,8,9]]
   00:00:00:00:00:07    00:00:00:00:00:02  [4[1,2,4,5,7,8], 6[1,2,3,4,5,6,7,8,9], 8[1,2,3,4,5,6,7,8,9]]
   00:00:00:00:00:07    00:00:00:00:00:05  [3[7,8,9], 5[4,5,6,7,8,9], 7[1,2,3,4,5,6,7,8,9], 9[1,2,3,4,5,6,7,8,9]]
   00:00:00:00:00:07    00:00:00:00:00:03  [5[1,2,3,4,5,6,7,8,9], 7[1,2,3,4,5,6,7,8,9], 9[1,2,3,4,5,6,7,8,9]]
   00:00:00:00:00:07    00:00:00:00:00:06  [2[7,8], 4[4,5,7,8], 6[1,2,4,5,6,7,8,9], 8[1,2,3,4,5,6,7,8,9]]
   00:00:00:00:00:07    00:00:00:00:00:01  [3[1,4,7], 5[1,2,4,5,7,8], 7[1,2,3,4,5,6,7,8,9], 9[1,2,3,4,5,6,7,8,9]]
   00:00:00:00:00:06    00:00:00:00:00:04  [3[5,6,8,9], 5[2,3,4,5,6,7,8], 7[1,2,3,4,5,6,7,8]]
   00:00:00:00:00:06    00:00:00:00:00:08  [3[4,5,7,8], 5[1,2,4,5,6,8,9], 7[1,2,3,4,5,6,8,9]]
   00:00:00:00:00:06    00:00:00:00:00:02  [3[2,5,8], 5[1,2,3,4,5,6,7,8,9], 7[1,2,3,4,5,6,7,8,9]]
   00:00:00:00:00:06    00:00:00:00:00:05  [2[8,9], 4[5,6,8,9], 6[2,3,4,5,6,7,8,9], 8[1,2,3,4,5,6,7,8,9]]
   00:00:00:00:00:06    00:00:00:00:00:03  [4[2,3,5,6,8,9], 6[1,2,3,4,5,6,7,8,9], 8[1,2,3,4,5,6,7,8,9]]
   00:00:00:00:00:06    00:00:00:00:00:07  [2[7,8], 4[4,5,7,8], 6[1,2,4,5,6,7,8,9], 8[1,2,3,4,5,6,7,8,9]]
   00:00:00:00:00:06    00:00:00:00:00:01  [4[1,2,4,5,7,8], 6[1,2,3,4,5,6,7,8,9], 8[1,2,3,4,5,6,7,8,9]]
   00:00:00:00:00:01    00:00:00:00:00:04  [4[1,2,3,4,5,6], 6[1,2,3,4,5,6,7,8,9], 8[1,2,3,4,5,6,7,8,9]]
   00:00:00:00:00:01    00:00:00:00:00:08  [2[1,4], 4[1,2,4,5], 6[1,2,3,4,5,6,7,8], 8[1,2,3,4,5,6,7,8,9]]
   00:00:00:00:00:01    00:00:00:00:00:02  [2[1,2], 4[1,2,4,5], 6[1,2,3,4,5,6,7,8], 8[1,2,3,4,5,6,7,8,9]]
   00:00:00:00:00:01    00:00:00:00:00:05  [5[1,2,3,4,5,6,7,8,9], 7[1,2,3,4,5,6,7,8,9], 9[1,2,3,4,5,6,7,8,9]]
   00:00:00:00:00:01    00:00:00:00:00:03  [3[1,2,3], 5[1,2,3,4,5,6], 7[1,2,3,4,5,6,7,8,9], 9[1,2,3,4,5,6,7,8,9]]
   00:00:00:00:00:01    00:00:00:00:00:07  [3[1,4,7], 5[1,2,4,5,7,8], 7[1,2,3,4,5,6,7,8,9], 9[1,2,3,4,5,6,7,8,9]]
   00:00:00:00:00:01    00:00:00:00:00:06  [4[1,2,4,5,7,8], 6[1,2,3,4,5,6,7,8,9], 8[1,2,3,4,5,6,7,8,9]]
