# K-Shortest Paths Results
# Format: src_host dst_host path_index cost switch_path port_details
# ==================================================================

# h00:00:00:00:00:01 -> h00:00:00:00:00:02
   00:00:00:00:00:01    00:00:00:00:00:02 0      0  [1,2]     00:00:00:00:00:01    00:00:00:00:00:02 1    293  [1,4,5,2]     00:00:00:00:00:01    00:00:00:00:00:02 2    585  [1,4,5,6,3,2]     00:00:00:00:00:01    00:00:00:00:00:02 3    585  [1,4,7,8,5,2]     00:00:00:00:00:01    00:00:00:00:00:02 4    877  [1,4,5,8,9,6,3,2]     00:00:00:00:00:01    00:00:00:00:00:02 5    877  [1,4,7,8,5,6,3,2]     00:00:00:00:00:01    00:00:00:00:00:02 6    877  [1,4,7,8,9,6,3,2]     00:00:00:00:00:01    00:00:00:00:00:02 7    877  [1,4,7,8,9,6,5,2]  
# h00:00:00:00:00:01 -> h00:00:00:00:00:03
   00:00:00:00:00:01    00:00:00:00:00:03 0    146  [1,2,3]     00:00:00:00:00:01    00:00:00:00:00:03 1    439  [1,2,5,6,3]     00:00:00:00:00:01    00:00:00:00:00:03 2    439  [1,4,5,2,3]     00:00:00:00:00:01    00:00:00:00:00:03 3    439  [1,4,5,6,3]     00:00:00:00:00:01    00:00:00:00:00:03 4    731  [1,2,5,8,9,6,3]     00:00:00:00:00:01    00:00:00:00:00:03 5    731  [1,4,5,8,9,6,3]     00:00:00:00:00:01    00:00:00:00:00:03 6    731  [1,4,7,8,5,2,3]     00:00:00:00:00:01    00:00:00:00:00:03 7    731  [1,4,7,8,5,6,3]     00:00:00:00:00:01    00:00:00:00:00:03 8    731  [1,4,7,8,9,6,3]     00:00:00:00:00:01    00:00:00:00:00:03 9   1023  [1,2,5,4,7,8,9,6,3]     00:00:00:00:00:01    00:00:00:00:00:03 10   1023  [1,4,7,8,9,6,5,2,3]  
# h00:00:00:00:00:01 -> h00:00:00:00:00:04
   00:00:00:00:00:01    00:00:00:00:00:04 0    293  [1,2,3,6]     00:00:00:00:00:01    00:00:00:00:00:04 1    293  [1,2,5,6]     00:00:00:00:00:01    00:00:00:00:00:04 2    293  [1,4,5,6]     00:00:00:00:00:01    00:00:00:00:00:04 3    585  [1,2,5,8,9,6]     00:00:00:00:00:01    00:00:00:00:00:04 4    585  [1,4,5,2,3,6]     00:00:00:00:00:01    00:00:00:00:00:04 5    585  [1,4,5,8,9,6]     00:00:00:00:00:01    00:00:00:00:00:04 6    585  [1,4,7,8,5,6]     00:00:00:00:00:01    00:00:00:00:00:04 7    585  [1,4,7,8,9,6]     00:00:00:00:00:01    00:00:00:00:00:04 8    877  [1,2,5,4,7,8,9,6]     00:00:00:00:00:01    00:00:00:00:00:04 9    877  [1,4,7,8,5,2,3,6]  
# h00:00:00:00:00:01 -> h00:00:00:00:00:05
   00:00:00:00:00:01    00:00:00:00:00:05 0    439  [1,2,3,6,9]     00:00:00:00:00:01    00:00:00:00:00:05 1    439  [1,2,5,6,9]     00:00:00:00:00:01    00:00:00:00:00:05 2    439  [1,2,5,8,9]     00:00:00:00:00:01    00:00:00:00:00:05 3    439  [1,4,5,6,9]     00:00:00:00:00:01    00:00:00:00:00:05 4    439  [1,4,5,8,9]     00:00:00:00:00:01    00:00:00:00:00:05 5    439  [1,4,7,8,9]     00:00:00:00:00:01    00:00:00:00:00:05 6    731  [1,2,3,6,5,8,9]     00:00:00:00:00:01    00:00:00:00:00:05 7    731  [1,2,5,4,7,8,9]     00:00:00:00:00:01    00:00:00:00:00:05 8    731  [1,4,5,2,3,6,9]     00:00:00:00:00:01    00:00:00:00:00:05 9    731  [1,4,7,8,5,6,9]     00:00:00:00:00:01    00:00:00:00:00:05 10   1023  [1,2,3,6,5,4,7,8,9]     00:00:00:00:00:01    00:00:00:00:00:05 11   1023  [1,4,7,8,5,2,3,6,9]  
# h00:00:00:00:00:01 -> h00:00:00:00:00:06
   00:00:00:00:00:01    00:00:00:00:00:06 0    293  [1,2,5,8]     00:00:00:00:00:01    00:00:00:00:00:06 1    293  [1,4,5,8]     00:00:00:00:00:01    00:00:00:00:00:06 2    293  [1,4,7,8]     00:00:00:00:00:01    00:00:00:00:00:06 3    585  [1,2,3,6,5,8]     00:00:00:00:00:01    00:00:00:00:00:06 4    585  [1,2,3,6,9,8]     00:00:00:00:00:01    00:00:00:00:00:06 5    585  [1,2,5,4,7,8]     00:00:00:00:00:01    00:00:00:00:00:06 6    585  [1,2,5,6,9,8]     00:00:00:00:00:01    00:00:00:00:00:06 7    585  [1,4,5,6,9,8]     00:00:00:00:00:01    00:00:00:00:00:06 8    877  [1,2,3,6,5,4,7,8]     00:00:00:00:00:01    00:00:00:00:00:06 9    877  [1,4,5,2,3,6,9,8]  
# h00:00:00:00:00:01 -> h00:00:00:00:00:07
   00:00:00:00:00:01    00:00:00:00:00:07 0    146  [1,4,7]     00:00:00:00:00:01    00:00:00:00:00:07 1    439  [1,2,5,4,7]     00:00:00:00:00:01    00:00:00:00:00:07 2    439  [1,2,5,8,7]     00:00:00:00:00:01    00:00:00:00:00:07 3    439  [1,4,5,8,7]     00:00:00:00:00:01    00:00:00:00:00:07 4    731  [1,2,3,6,5,4,7]     00:00:00:00:00:01    00:00:00:00:00:07 5    731  [1,2,3,6,5,8,7]     00:00:00:00:00:01    00:00:00:00:00:07 6    731  [1,2,3,6,9,8,7]     00:00:00:00:00:01    00:00:00:00:00:07 7    731  [1,2,5,6,9,8,7]     00:00:00:00:00:01    00:00:00:00:00:07 8    731  [1,4,5,6,9,8,7]     00:00:00:00:00:01    00:00:00:00:00:07 9   1023  [1,2,3,6,9,8,5,4,7]     00:00:00:00:00:01    00:00:00:00:00:07 10   1023  [1,4,5,2,3,6,9,8,7]  
# h00:00:00:00:00:01 -> h00:00:00:00:00:08
   00:00:00:00:00:01    00:00:00:00:00:08 0      0  [1,4]     00:00:00:00:00:01    00:00:00:00:00:08 1    293  [1,2,5,4]     00:00:00:00:00:01    00:00:00:00:00:08 2    585  [1,2,3,6,5,4]     00:00:00:00:00:01    00:00:00:00:00:08 3    585  [1,2,5,8,7,4]     00:00:00:00:00:01    00:00:00:00:00:08 4    877  [1,2,3,6,5,8,7,4]     00:00:00:00:00:01    00:00:00:00:00:08 5    877  [1,2,3,6,9,8,5,4]     00:00:00:00:00:01    00:00:00:00:00:08 6    877  [1,2,3,6,9,8,7,4]     00:00:00:00:00:01    00:00:00:00:00:08 7    877  [1,2,5,6,9,8,7,4]  
# h00:00:00:00:00:02 -> h00:00:00:00:00:01
   00:00:00:00:00:02    00:00:00:00:00:01 0      0  [2,1]     00:00:00:00:00:02    00:00:00:00:00:01 1    293  [2,5,4,1]     00:00:00:00:00:02    00:00:00:00:00:01 2    585  [2,3,6,5,4,1]     00:00:00:00:00:02    00:00:00:00:00:01 3    585  [2,5,8,7,4,1]     00:00:00:00:00:02    00:00:00:00:00:01 4    877  [2,3,6,5,8,7,4,1]     00:00:00:00:00:02    00:00:00:00:00:01 5    877  [2,3,6,9,8,5,4,1]     00:00:00:00:00:02    00:00:00:00:00:01 6    877  [2,3,6,9,8,7,4,1]     00:00:00:00:00:02    00:00:00:00:00:01 7    877  [2,5,6,9,8,7,4,1]  
# h00:00:00:00:00:02 -> h00:00:00:00:00:03
   00:00:00:00:00:02    00:00:00:00:00:03 0      0  [2,3]     00:00:00:00:00:02    00:00:00:00:00:03 1    293  [2,5,6,3]     00:00:00:00:00:02    00:00:00:00:00:03 2    585  [2,1,4,5,6,3]     00:00:00:00:00:02    00:00:00:00:00:03 3    585  [2,5,8,9,6,3]     00:00:00:00:00:02    00:00:00:00:00:03 4    877  [2,1,4,5,8,9,6,3]     00:00:00:00:00:02    00:00:00:00:00:03 5    877  [2,1,4,7,8,5,6,3]     00:00:00:00:00:02    00:00:00:00:00:03 6    877  [2,1,4,7,8,9,6,3]     00:00:00:00:00:02    00:00:00:00:00:03 7    877  [2,5,4,7,8,9,6,3]  
# h00:00:00:00:00:02 -> h00:00:00:00:00:04
   00:00:00:00:00:02    00:00:00:00:00:04 0    146  [2,3,6]     00:00:00:00:00:02    00:00:00:00:00:04 1    146  [2,5,6]     00:00:00:00:00:02    00:00:00:00:00:04 2    439  [2,1,4,5,6]     00:00:00:00:00:02    00:00:00:00:00:04 3    439  [2,5,8,9,6]     00:00:00:00:00:02    00:00:00:00:00:04 4    731  [2,1,4,5,8,9,6]     00:00:00:00:00:02    00:00:00:00:00:04 5    731  [2,1,4,7,8,5,6]     00:00:00:00:00:02    00:00:00:00:00:04 6    731  [2,1,4,7,8,9,6]     00:00:00:00:00:02    00:00:00:00:00:04 7    731  [2,5,4,7,8,9,6]  
# h00:00:00:00:00:02 -> h00:00:00:00:00:05
   00:00:00:00:00:02    00:00:00:00:00:05 0    293  [2,3,6,9]     00:00:00:00:00:02    00:00:00:00:00:05 1    293  [2,5,6,9]     00:00:00:00:00:02    00:00:00:00:00:05 2    293  [2,5,8,9]     00:00:00:00:00:02    00:00:00:00:00:05 3    585  [2,1,4,5,6,9]     00:00:00:00:00:02    00:00:00:00:00:05 4    585  [2,1,4,5,8,9]     00:00:00:00:00:02    00:00:00:00:00:05 5    585  [2,1,4,7,8,9]     00:00:00:00:00:02    00:00:00:00:00:05 6    585  [2,3,6,5,8,9]     00:00:00:00:00:02    00:00:00:00:00:05 7    585  [2,5,4,7,8,9]     00:00:00:00:00:02    00:00:00:00:00:05 8    877  [2,1,4,7,8,5,6,9]     00:00:00:00:00:02    00:00:00:00:00:05 9    877  [2,3,6,5,4,7,8,9]  
# h00:00:00:00:00:02 -> h00:00:00:00:00:06
   00:00:00:00:00:02    00:00:00:00:00:06 0    146  [2,5,8]     00:00:00:00:00:02    00:00:00:00:00:06 1    439  [2,1,4,5,8]     00:00:00:00:00:02    00:00:00:00:00:06 2    439  [2,1,4,7,8]     00:00:00:00:00:02    00:00:00:00:00:06 3    439  [2,3,6,5,8]     00:00:00:00:00:02    00:00:00:00:00:06 4    439  [2,3,6,9,8]     00:00:00:00:00:02    00:00:00:00:00:06 5    439  [2,5,4,7,8]     00:00:00:00:00:02    00:00:00:00:00:06 6    439  [2,5,6,9,8]     00:00:00:00:00:02    00:00:00:00:00:06 7    731  [2,1,4,5,6,9,8]     00:00:00:00:00:02    00:00:00:00:00:06 8    731  [2,3,6,5,4,7,8]  
# h00:00:00:00:00:02 -> h00:00:00:00:00:07
   00:00:00:00:00:02    00:00:00:00:00:07 0    293  [2,1,4,7]     00:00:00:00:00:02    00:00:00:00:00:07 1    293  [2,5,4,7]     00:00:00:00:00:02    00:00:00:00:00:07 2    293  [2,5,8,7]     00:00:00:00:00:02    00:00:00:00:00:07 3    585  [2,1,4,5,8,7]     00:00:00:00:00:02    00:00:00:00:00:07 4    585  [2,3,6,5,4,7]     00:00:00:00:00:02    00:00:00:00:00:07 5    585  [2,3,6,5,8,7]     00:00:00:00:00:02    00:00:00:00:00:07 6    585  [2,3,6,9,8,7]     00:00:00:00:00:02    00:00:00:00:00:07 7    585  [2,5,6,9,8,7]     00:00:00:00:00:02    00:00:00:00:00:07 8    877  [2,1,4,5,6,9,8,7]     00:00:00:00:00:02    00:00:00:00:00:07 9    877  [2,3,6,9,8,5,4,7]  
# h00:00:00:00:00:02 -> h00:00:00:00:00:08
   00:00:00:00:00:02    00:00:00:00:00:08 0    146  [2,1,4]     00:00:00:00:00:02    00:00:00:00:00:08 1    146  [2,5,4]     00:00:00:00:00:02    00:00:00:00:00:08 2    439  [2,3,6,5,4]     00:00:00:00:00:02    00:00:00:00:00:08 3    439  [2,5,8,7,4]     00:00:00:00:00:02    00:00:00:00:00:08 4    731  [2,3,6,5,8,7,4]     00:00:00:00:00:02    00:00:00:00:00:08 5    731  [2,3,6,9,8,5,4]     00:00:00:00:00:02    00:00:00:00:00:08 6    731  [2,3,6,9,8,7,4]     00:00:00:00:00:02    00:00:00:00:00:08 7    731  [2,5,6,9,8,7,4]  
# h00:00:00:00:00:03 -> h00:00:00:00:00:01
   00:00:00:00:00:03    00:00:00:00:00:01 0    146  [3,2,1]     00:00:00:00:00:03    00:00:00:00:00:01 1    439  [3,2,5,4,1]     00:00:00:00:00:03    00:00:00:00:00:01 2    439  [3,6,5,2,1]     00:00:00:00:00:03    00:00:00:00:00:01 3    439  [3,6,5,4,1]     00:00:00:00:00:03    00:00:00:00:00:01 4    731  [3,2,5,8,7,4,1]     00:00:00:00:00:03    00:00:00:00:00:01 5    731  [3,6,5,8,7,4,1]     00:00:00:00:00:03    00:00:00:00:00:01 6    731  [3,6,9,8,5,2,1]     00:00:00:00:00:03    00:00:00:00:00:01 7    731  [3,6,9,8,5,4,1]     00:00:00:00:00:03    00:00:00:00:00:01 8    731  [3,6,9,8,7,4,1]     00:00:00:00:00:03    00:00:00:00:00:01 9   1023  [3,2,5,6,9,8,7,4,1]     00:00:00:00:00:03    00:00:00:00:00:01 10   1023  [3,6,9,8,7,4,5,2,1]  
# h00:00:00:00:00:03 -> h00:00:00:00:00:02
   00:00:00:00:00:03    00:00:00:00:00:02 0      0  [3,2]     00:00:00:00:00:03    00:00:00:00:00:02 1    293  [3,6,5,2]     00:00:00:00:00:03    00:00:00:00:00:02 2    585  [3,6,5,4,1,2]     00:00:00:00:00:03    00:00:00:00:00:02 3    585  [3,6,9,8,5,2]     00:00:00:00:00:03    00:00:00:00:00:02 4    877  [3,6,5,8,7,4,1,2]     00:00:00:00:00:03    00:00:00:00:00:02 5    877  [3,6,9,8,5,4,1,2]     00:00:00:00:00:03    00:00:00:00:00:02 6    877  [3,6,9,8,7,4,1,2]     00:00:00:00:00:03    00:00:00:00:00:02 7    877  [3,6,9,8,7,4,5,2]  
# h00:00:00:00:00:03 -> h00:00:00:00:00:04
   00:00:00:00:00:03    00:00:00:00:00:04 0      0  [3,6]     00:00:00:00:00:03    00:00:00:00:00:04 1    293  [3,2,5,6]     00:00:00:00:00:03    00:00:00:00:00:04 2    585  [3,2,1,4,5,6]     00:00:00:00:00:03    00:00:00:00:00:04 3    585  [3,2,5,8,9,6]     00:00:00:00:00:03    00:00:00:00:00:04 4    877  [3,2,1,4,5,8,9,6]     00:00:00:00:00:03    00:00:00:00:00:04 5    877  [3,2,1,4,7,8,5,6]     00:00:00:00:00:03    00:00:00:00:00:04 6    877  [3,2,1,4,7,8,9,6]     00:00:00:00:00:03    00:00:00:00:00:04 7    877  [3,2,5,4,7,8,9,6]  
# h00:00:00:00:00:03 -> h00:00:00:00:00:05
   00:00:00:00:00:03    00:00:00:00:00:05 0    146  [3,6,9]     00:00:00:00:00:03    00:00:00:00:00:05 1    439  [3,2,5,6,9]     00:00:00:00:00:03    00:00:00:00:00:05 2    439  [3,2,5,8,9]     00:00:00:00:00:03    00:00:00:00:00:05 3    439  [3,6,5,8,9]     00:00:00:00:00:03    00:00:00:00:00:05 4    731  [3,2,1,4,5,6,9]     00:00:00:00:00:03    00:00:00:00:00:05 5    731  [3,2,1,4,5,8,9]     00:00:00:00:00:03    00:00:00:00:00:05 6    731  [3,2,1,4,7,8,9]     00:00:00:00:00:03    00:00:00:00:00:05 7    731  [3,2,5,4,7,8,9]     00:00:00:00:00:03    00:00:00:00:00:05 8    731  [3,6,5,4,7,8,9]     00:00:00:00:00:03    00:00:00:00:00:05 9   1023  [3,2,1,4,7,8,5,6,9]     00:00:00:00:00:03    00:00:00:00:00:05 10   1023  [3,6,5,2,1,4,7,8,9]  
# h00:00:00:00:00:03 -> h00:00:00:00:00:06
   00:00:00:00:00:03    00:00:00:00:00:06 0    293  [3,2,5,8]     00:00:00:00:00:03    00:00:00:00:00:06 1    293  [3,6,5,8]     00:00:00:00:00:03    00:00:00:00:00:06 2    293  [3,6,9,8]     00:00:00:00:00:03    00:00:00:00:00:06 3    585  [3,2,1,4,5,8]     00:00:00:00:00:03    00:00:00:00:00:06 4    585  [3,2,1,4,7,8]     00:00:00:00:00:03    00:00:00:00:00:06 5    585  [3,2,5,4,7,8]     00:00:00:00:00:03    00:00:00:00:00:06 6    585  [3,2,5,6,9,8]     00:00:00:00:00:03    00:00:00:00:00:06 7    585  [3,6,5,4,7,8]     00:00:00:00:00:03    00:00:00:00:00:06 8    877  [3,2,1,4,5,6,9,8]     00:00:00:00:00:03    00:00:00:00:00:06 9    877  [3,6,5,2,1,4,7,8]  
# h00:00:00:00:00:03 -> h00:00:00:00:00:07
   00:00:00:00:00:03    00:00:00:00:00:07 0    439  [3,2,1,4,7]     00:00:00:00:00:03    00:00:00:00:00:07 1    439  [3,2,5,4,7]     00:00:00:00:00:03    00:00:00:00:00:07 2    439  [3,2,5,8,7]     00:00:00:00:00:03    00:00:00:00:00:07 3    439  [3,6,5,4,7]     00:00:00:00:00:03    00:00:00:00:00:07 4    439  [3,6,5,8,7]     00:00:00:00:00:03    00:00:00:00:00:07 5    439  [3,6,9,8,7]     00:00:00:00:00:03    00:00:00:00:00:07 6    731  [3,2,1,4,5,8,7]     00:00:00:00:00:03    00:00:00:00:00:07 7    731  [3,2,5,6,9,8,7]     00:00:00:00:00:03    00:00:00:00:00:07 8    731  [3,6,5,2,1,4,7]     00:00:00:00:00:03    00:00:00:00:00:07 9    731  [3,6,9,8,5,4,7]     00:00:00:00:00:03    00:00:00:00:00:07 10   1023  [3,2,1,4,5,6,9,8,7]     00:00:00:00:00:03    00:00:00:00:00:07 11   1023  [3,6,9,8,5,2,1,4,7]  
# h00:00:00:00:00:03 -> h00:00:00:00:00:08
   00:00:00:00:00:03    00:00:00:00:00:08 0    293  [3,2,1,4]     00:00:00:00:00:03    00:00:00:00:00:08 1    293  [3,2,5,4]     00:00:00:00:00:03    00:00:00:00:00:08 2    293  [3,6,5,4]     00:00:00:00:00:03    00:00:00:00:00:08 3    585  [3,2,5,8,7,4]     00:00:00:00:00:03    00:00:00:00:00:08 4    585  [3,6,5,2,1,4]     00:00:00:00:00:03    00:00:00:00:00:08 5    585  [3,6,5,8,7,4]     00:00:00:00:00:03    00:00:00:00:00:08 6    585  [3,6,9,8,5,4]     00:00:00:00:00:03    00:00:00:00:00:08 7    585  [3,6,9,8,7,4]     00:00:00:00:00:03    00:00:00:00:00:08 8    877  [3,2,5,6,9,8,7,4]     00:00:00:00:00:03    00:00:00:00:00:08 9    877  [3,6,9,8,5,2,1,4]  
# h00:00:00:00:00:04 -> h00:00:00:00:00:01
   00:00:00:00:00:04    00:00:00:00:00:01 0    293  [6,3,2,1]     00:00:00:00:00:04    00:00:00:00:00:01 1    293  [6,5,2,1]     00:00:00:00:00:04    00:00:00:00:00:01 2    293  [6,5,4,1]     00:00:00:00:00:04    00:00:00:00:00:01 3    585  [6,3,2,5,4,1]     00:00:00:00:00:04    00:00:00:00:00:01 4    585  [6,5,8,7,4,1]     00:00:00:00:00:04    00:00:00:00:00:01 5    585  [6,9,8,5,2,1]     00:00:00:00:00:04    00:00:00:00:00:01 6    585  [6,9,8,5,4,1]     00:00:00:00:00:04    00:00:00:00:00:01 7    585  [6,9,8,7,4,1]     00:00:00:00:00:04    00:00:00:00:00:01 8    877  [6,3,2,5,8,7,4,1]     00:00:00:00:00:04    00:00:00:00:00:01 9    877  [6,9,8,7,4,5,2,1]  
# h00:00:00:00:00:04 -> h00:00:00:00:00:02
   00:00:00:00:00:04    00:00:00:00:00:02 0    146  [6,3,2]     00:00:00:00:00:04    00:00:00:00:00:02 1    146  [6,5,2]     00:00:00:00:00:04    00:00:00:00:00:02 2    439  [6,5,4,1,2]     00:00:00:00:00:04    00:00:00:00:00:02 3    439  [6,9,8,5,2]     00:00:00:00:00:04    00:00:00:00:00:02 4    731  [6,5,8,7,4,1,2]     00:00:00:00:00:04    00:00:00:00:00:02 5    731  [6,9,8,5,4,1,2]     00:00:00:00:00:04    00:00:00:00:00:02 6    731  [6,9,8,7,4,1,2]     00:00:00:00:00:04    00:00:00:00:00:02 7    731  [6,9,8,7,4,5,2]  
# h00:00:00:00:00:04 -> h00:00:00:00:00:03
   00:00:00:00:00:04    00:00:00:00:00:03 0      0  [6,3]     00:00:00:00:00:04    00:00:00:00:00:03 1    293  [6,5,2,3]     00:00:00:00:00:04    00:00:00:00:00:03 2    585  [6,5,4,1,2,3]     00:00:00:00:00:04    00:00:00:00:00:03 3    585  [6,9,8,5,2,3]     00:00:00:00:00:04    00:00:00:00:00:03 4    877  [6,5,8,7,4,1,2,3]     00:00:00:00:00:04    00:00:00:00:00:03 5    877  [6,9,8,5,4,1,2,3]     00:00:00:00:00:04    00:00:00:00:00:03 6    877  [6,9,8,7,4,1,2,3]     00:00:00:00:00:04    00:00:00:00:00:03 7    877  [6,9,8,7,4,5,2,3]  
# h00:00:00:00:00:04 -> h00:00:00:00:00:05
   00:00:00:00:00:04    00:00:00:00:00:05 0      0  [6,9]     00:00:00:00:00:04    00:00:00:00:00:05 1    293  [6,5,8,9]     00:00:00:00:00:04    00:00:00:00:00:05 2    585  [6,3,2,5,8,9]     00:00:00:00:00:04    00:00:00:00:00:05 3    585  [6,5,4,7,8,9]     00:00:00:00:00:04    00:00:00:00:00:05 4    877  [6,3,2,1,4,5,8,9]     00:00:00:00:00:04    00:00:00:00:00:05 5    877  [6,3,2,1,4,7,8,9]     00:00:00:00:00:04    00:00:00:00:00:05 6    877  [6,3,2,5,4,7,8,9]     00:00:00:00:00:04    00:00:00:00:00:05 7    877  [6,5,2,1,4,7,8,9]  
# h00:00:00:00:00:04 -> h00:00:00:00:00:06
   00:00:00:00:00:04    00:00:00:00:00:06 0    146  [6,5,8]     00:00:00:00:00:04    00:00:00:00:00:06 1    146  [6,9,8]     00:00:00:00:00:04    00:00:00:00:00:06 2    439  [6,3,2,5,8]     00:00:00:00:00:04    00:00:00:00:00:06 3    439  [6,5,4,7,8]     00:00:00:00:00:04    00:00:00:00:00:06 4    731  [6,3,2,1,4,5,8]     00:00:00:00:00:04    00:00:00:00:00:06 5    731  [6,3,2,1,4,7,8]     00:00:00:00:00:04    00:00:00:00:00:06 6    731  [6,3,2,5,4,7,8]     00:00:00:00:00:04    00:00:00:00:00:06 7    731  [6,5,2,1,4,7,8]  
# h00:00:00:00:00:04 -> h00:00:00:00:00:07
   00:00:00:00:00:04    00:00:00:00:00:07 0    293  [6,5,4,7]     00:00:00:00:00:04    00:00:00:00:00:07 1    293  [6,5,8,7]     00:00:00:00:00:04    00:00:00:00:00:07 2    293  [6,9,8,7]     00:00:00:00:00:04    00:00:00:00:00:07 3    585  [6,3,2,1,4,7]     00:00:00:00:00:04    00:00:00:00:00:07 4    585  [6,3,2,5,4,7]     00:00:00:00:00:04    00:00:00:00:00:07 5    585  [6,3,2,5,8,7]     00:00:00:00:00:04    00:00:00:00:00:07 6    585  [6,5,2,1,4,7]     00:00:00:00:00:04    00:00:00:00:00:07 7    585  [6,9,8,5,4,7]     00:00:00:00:00:04    00:00:00:00:00:07 8    877  [6,3,2,1,4,5,8,7]     00:00:00:00:00:04    00:00:00:00:00:07 9    877  [6,9,8,5,2,1,4,7]  
# h00:00:00:00:00:04 -> h00:00:00:00:00:08
   00:00:00:00:00:04    00:00:00:00:00:08 0    146  [6,5,4]     00:00:00:00:00:04    00:00:00:00:00:08 1    439  [6,3,2,1,4]     00:00:00:00:00:04    00:00:00:00:00:08 2    439  [6,3,2,5,4]     00:00:00:00:00:04    00:00:00:00:00:08 3    439  [6,5,2,1,4]     00:00:00:00:00:04    00:00:00:00:00:08 4    439  [6,5,8,7,4]     00:00:00:00:00:04    00:00:00:00:00:08 5    439  [6,9,8,5,4]     00:00:00:00:00:04    00:00:00:00:00:08 6    439  [6,9,8,7,4]     00:00:00:00:00:04    00:00:00:00:00:08 7    731  [6,3,2,5,8,7,4]     00:00:00:00:00:04    00:00:00:00:00:08 8    731  [6,9,8,5,2,1,4]  
# h00:00:00:00:00:05 -> h00:00:00:00:00:01
   00:00:00:00:00:05    00:00:00:00:00:01 0    439  [9,6,3,2,1]     00:00:00:00:00:05    00:00:00:00:00:01 1    439  [9,6,5,2,1]     00:00:00:00:00:05    00:00:00:00:00:01 2    439  [9,6,5,4,1]     00:00:00:00:00:05    00:00:00:00:00:01 3    439  [9,8,5,2,1]     00:00:00:00:00:05    00:00:00:00:00:01 4    439  [9,8,5,4,1]     00:00:00:00:00:05    00:00:00:00:00:01 5    439  [9,8,7,4,1]     00:00:00:00:00:05    00:00:00:00:00:01 6    731  [9,6,3,2,5,4,1]     00:00:00:00:00:05    00:00:00:00:00:01 7    731  [9,6,5,8,7,4,1]     00:00:00:00:00:05    00:00:00:00:00:01 8    731  [9,8,5,6,3,2,1]     00:00:00:00:00:05    00:00:00:00:00:01 9    731  [9,8,7,4,5,2,1]     00:00:00:00:00:05    00:00:00:00:00:01 10   1023  [9,6,3,2,5,8,7,4,1]     00:00:00:00:00:05    00:00:00:00:00:01 11   1023  [9,8,7,4,5,6,3,2,1]  
# h00:00:00:00:00:05 -> h00:00:00:00:00:02
   00:00:00:00:00:05    00:00:00:00:00:02 0    293  [9,6,3,2]     00:00:00:00:00:05    00:00:00:00:00:02 1    293  [9,6,5,2]     00:00:00:00:00:05    00:00:00:00:00:02 2    293  [9,8,5,2]     00:00:00:00:00:05    00:00:00:00:00:02 3    585  [9,6,5,4,1,2]     00:00:00:00:00:05    00:00:00:00:00:02 4    585  [9,8,5,4,1,2]     00:00:00:00:00:05    00:00:00:00:00:02 5    585  [9,8,5,6,3,2]     00:00:00:00:00:05    00:00:00:00:00:02 6    585  [9,8,7,4,1,2]     00:00:00:00:00:05    00:00:00:00:00:02 7    585  [9,8,7,4,5,2]     00:00:00:00:00:05    00:00:00:00:00:02 8    877  [9,6,5,8,7,4,1,2]     00:00:00:00:00:05    00:00:00:00:00:02 9    877  [9,8,7,4,5,6,3,2]  
# h00:00:00:00:00:05 -> h00:00:00:00:00:03
   00:00:00:00:00:05    00:00:00:00:00:03 0    146  [9,6,3]     00:00:00:00:00:05    00:00:00:00:00:03 1    439  [9,6,5,2,3]     00:00:00:00:00:05    00:00:00:00:00:03 2    439  [9,8,5,2,3]     00:00:00:00:00:05    00:00:00:00:00:03 3    439  [9,8,5,6,3]     00:00:00:00:00:05    00:00:00:00:00:03 4    731  [9,6,5,4,1,2,3]     00:00:00:00:00:05    00:00:00:00:00:03 5    731  [9,8,5,4,1,2,3]     00:00:00:00:00:05    00:00:00:00:00:03 6    731  [9,8,7,4,1,2,3]     00:00:00:00:00:05    00:00:00:00:00:03 7    731  [9,8,7,4,5,2,3]     00:00:00:00:00:05    00:00:00:00:00:03 8    731  [9,8,7,4,5,6,3]     00:00:00:00:00:05    00:00:00:00:00:03 9   1023  [9,6,5,8,7,4,1,2,3]     00:00:00:00:00:05    00:00:00:00:00:03 10   1023  [9,8,7,4,1,2,5,6,3]  
# h00:00:00:00:00:05 -> h00:00:00:00:00:04
   00:00:00:00:00:05    00:00:00:00:00:04 0      0  [9,6]     00:00:00:00:00:05    00:00:00:00:00:04 1    293  [9,8,5,6]     00:00:00:00:00:05    00:00:00:00:00:04 2    585  [9,8,5,2,3,6]     00:00:00:00:00:05    00:00:00:00:00:04 3    585  [9,8,7,4,5,6]     00:00:00:00:00:05    00:00:00:00:00:04 4    877  [9,8,5,4,1,2,3,6]     00:00:00:00:00:05    00:00:00:00:00:04 5    877  [9,8,7,4,1,2,3,6]     00:00:00:00:00:05    00:00:00:00:00:04 6    877  [9,8,7,4,1,2,5,6]     00:00:00:00:00:05    00:00:00:00:00:04 7    877  [9,8,7,4,5,2,3,6]  
# h00:00:00:00:00:05 -> h00:00:00:00:00:06
   00:00:00:00:00:05    00:00:00:00:00:06 0      0  [9,8]     00:00:00:00:00:05    00:00:00:00:00:06 1    293  [9,6,5,8]     00:00:00:00:00:05    00:00:00:00:00:06 2    585  [9,6,3,2,5,8]     00:00:00:00:00:05    00:00:00:00:00:06 3    585  [9,6,5,4,7,8]     00:00:00:00:00:05    00:00:00:00:00:06 4    877  [9,6,3,2,1,4,5,8]     00:00:00:00:00:05    00:00:00:00:00:06 5    877  [9,6,3,2,1,4,7,8]     00:00:00:00:00:05    00:00:00:00:00:06 6    877  [9,6,3,2,5,4,7,8]     00:00:00:00:00:05    00:00:00:00:00:06 7    877  [9,6,5,2,1,4,7,8]  
# h00:00:00:00:00:05 -> h00:00:00:00:00:07
   00:00:00:00:00:05    00:00:00:00:00:07 0    146  [9,8,7]     00:00:00:00:00:05    00:00:00:00:00:07 1    439  [9,6,5,4,7]     00:00:00:00:00:05    00:00:00:00:00:07 2    439  [9,6,5,8,7]     00:00:00:00:00:05    00:00:00:00:00:07 3    439  [9,8,5,4,7]     00:00:00:00:00:05    00:00:00:00:00:07 4    731  [9,6,3,2,1,4,7]     00:00:00:00:00:05    00:00:00:00:00:07 5    731  [9,6,3,2,5,4,7]     00:00:00:00:00:05    00:00:00:00:00:07 6    731  [9,6,3,2,5,8,7]     00:00:00:00:00:05    00:00:00:00:00:07 7    731  [9,6,5,2,1,4,7]     00:00:00:00:00:05    00:00:00:00:00:07 8    731  [9,8,5,2,1,4,7]     00:00:00:00:00:05    00:00:00:00:00:07 9   1023  [9,6,3,2,1,4,5,8,7]     00:00:00:00:00:05    00:00:00:00:00:07 10   1023  [9,8,5,6,3,2,1,4,7]  
# h00:00:00:00:00:05 -> h00:00:00:00:00:08
   00:00:00:00:00:05    00:00:00:00:00:08 0    293  [9,6,5,4]     00:00:00:00:00:05    00:00:00:00:00:08 1    293  [9,8,5,4]     00:00:00:00:00:05    00:00:00:00:00:08 2    293  [9,8,7,4]     00:00:00:00:00:05    00:00:00:00:00:08 3    585  [9,6,3,2,1,4]     00:00:00:00:00:05    00:00:00:00:00:08 4    585  [9,6,3,2,5,4]     00:00:00:00:00:05    00:00:00:00:00:08 5    585  [9,6,5,2,1,4]     00:00:00:00:00:05    00:00:00:00:00:08 6    585  [9,6,5,8,7,4]     00:00:00:00:00:05    00:00:00:00:00:08 7    585  [9,8,5,2,1,4]     00:00:00:00:00:05    00:00:00:00:00:08 8    877  [9,6,3,2,5,8,7,4]     00:00:00:00:00:05    00:00:00:00:00:08 9    877  [9,8,5,6,3,2,1,4]  
# h00:00:00:00:00:06 -> h00:00:00:00:00:01
   00:00:00:00:00:06    00:00:00:00:00:01 0    293  [8,5,2,1]     00:00:00:00:00:06    00:00:00:00:00:01 1    293  [8,5,4,1]     00:00:00:00:00:06    00:00:00:00:00:01 2    293  [8,7,4,1]     00:00:00:00:00:06    00:00:00:00:00:01 3    585  [8,5,6,3,2,1]     00:00:00:00:00:06    00:00:00:00:00:01 4    585  [8,7,4,5,2,1]     00:00:00:00:00:06    00:00:00:00:00:01 5    585  [8,9,6,3,2,1]     00:00:00:00:00:06    00:00:00:00:00:01 6    585  [8,9,6,5,2,1]     00:00:00:00:00:06    00:00:00:00:00:01 7    585  [8,9,6,5,4,1]     00:00:00:00:00:06    00:00:00:00:00:01 8    877  [8,7,4,5,6,3,2,1]     00:00:00:00:00:06    00:00:00:00:00:01 9    877  [8,9,6,3,2,5,4,1]  
# h00:00:00:00:00:06 -> h00:00:00:00:00:02
   00:00:00:00:00:06    00:00:00:00:00:02 0    146  [8,5,2]     00:00:00:00:00:06    00:00:00:00:00:02 1    439  [8,5,4,1,2]     00:00:00:00:00:06    00:00:00:00:00:02 2    439  [8,5,6,3,2]     00:00:00:00:00:06    00:00:00:00:00:02 3    439  [8,7,4,1,2]     00:00:00:00:00:06    00:00:00:00:00:02 4    439  [8,7,4,5,2]     00:00:00:00:00:06    00:00:00:00:00:02 5    439  [8,9,6,3,2]     00:00:00:00:00:06    00:00:00:00:00:02 6    439  [8,9,6,5,2]     00:00:00:00:00:06    00:00:00:00:00:02 7    731  [8,7,4,5,6,3,2]     00:00:00:00:00:06    00:00:00:00:00:02 8    731  [8,9,6,5,4,1,2]  
# h00:00:00:00:00:06 -> h00:00:00:00:00:03
   00:00:00:00:00:06    00:00:00:00:00:03 0    293  [8,5,2,3]     00:00:00:00:00:06    00:00:00:00:00:03 1    293  [8,5,6,3]     00:00:00:00:00:06    00:00:00:00:00:03 2    293  [8,9,6,3]     00:00:00:00:00:06    00:00:00:00:00:03 3    585  [8,5,4,1,2,3]     00:00:00:00:00:06    00:00:00:00:00:03 4    585  [8,7,4,1,2,3]     00:00:00:00:00:06    00:00:00:00:00:03 5    585  [8,7,4,5,2,3]     00:00:00:00:00:06    00:00:00:00:00:03 6    585  [8,7,4,5,6,3]     00:00:00:00:00:06    00:00:00:00:00:03 7    585  [8,9,6,5,2,3]     00:00:00:00:00:06    00:00:00:00:00:03 8    877  [8,7,4,1,2,5,6,3]     00:00:00:00:00:06    00:00:00:00:00:03 9    877  [8,9,6,5,4,1,2,3]  
# h00:00:00:00:00:06 -> h00:00:00:00:00:04
   00:00:00:00:00:06    00:00:00:00:00:04 0    146  [8,5,6]     00:00:00:00:00:06    00:00:00:00:00:04 1    146  [8,9,6]     00:00:00:00:00:06    00:00:00:00:00:04 2    439  [8,5,2,3,6]     00:00:00:00:00:06    00:00:00:00:00:04 3    439  [8,7,4,5,6]     00:00:00:00:00:06    00:00:00:00:00:04 4    731  [8,5,4,1,2,3,6]     00:00:00:00:00:06    00:00:00:00:00:04 5    731  [8,7,4,1,2,3,6]     00:00:00:00:00:06    00:00:00:00:00:04 6    731  [8,7,4,1,2,5,6]     00:00:00:00:00:06    00:00:00:00:00:04 7    731  [8,7,4,5,2,3,6]  
# h00:00:00:00:00:06 -> h00:00:00:00:00:05
   00:00:00:00:00:06    00:00:00:00:00:05 0      0  [8,9]     00:00:00:00:00:06    00:00:00:00:00:05 1    293  [8,5,6,9]     00:00:00:00:00:06    00:00:00:00:00:05 2    585  [8,5,2,3,6,9]     00:00:00:00:00:06    00:00:00:00:00:05 3    585  [8,7,4,5,6,9]     00:00:00:00:00:06    00:00:00:00:00:05 4    877  [8,5,4,1,2,3,6,9]     00:00:00:00:00:06    00:00:00:00:00:05 5    877  [8,7,4,1,2,3,6,9]     00:00:00:00:00:06    00:00:00:00:00:05 6    877  [8,7,4,1,2,5,6,9]     00:00:00:00:00:06    00:00:00:00:00:05 7    877  [8,7,4,5,2,3,6,9]  
# h00:00:00:00:00:06 -> h00:00:00:00:00:07
   00:00:00:00:00:06    00:00:00:00:00:07 0      0  [8,7]     00:00:00:00:00:06    00:00:00:00:00:07 1    293  [8,5,4,7]     00:00:00:00:00:06    00:00:00:00:00:07 2    585  [8,5,2,1,4,7]     00:00:00:00:00:06    00:00:00:00:00:07 3    585  [8,9,6,5,4,7]     00:00:00:00:00:06    00:00:00:00:00:07 4    877  [8,5,6,3,2,1,4,7]     00:00:00:00:00:06    00:00:00:00:00:07 5    877  [8,9,6,3,2,1,4,7]     00:00:00:00:00:06    00:00:00:00:00:07 6    877  [8,9,6,3,2,5,4,7]     00:00:00:00:00:06    00:00:00:00:00:07 7    877  [8,9,6,5,2,1,4,7]  
# h00:00:00:00:00:06 -> h00:00:00:00:00:08
   00:00:00:00:00:06    00:00:00:00:00:08 0    146  [8,5,4]     00:00:00:00:00:06    00:00:00:00:00:08 1    146  [8,7,4]     00:00:00:00:00:06    00:00:00:00:00:08 2    439  [8,5,2,1,4]     00:00:00:00:00:06    00:00:00:00:00:08 3    439  [8,9,6,5,4]     00:00:00:00:00:06    00:00:00:00:00:08 4    731  [8,5,6,3,2,1,4]     00:00:00:00:00:06    00:00:00:00:00:08 5    731  [8,9,6,3,2,1,4]     00:00:00:00:00:06    00:00:00:00:00:08 6    731  [8,9,6,3,2,5,4]     00:00:00:00:00:06    00:00:00:00:00:08 7    731  [8,9,6,5,2,1,4]  
# h00:00:00:00:00:07 -> h00:00:00:00:00:01
   00:00:00:00:00:07    00:00:00:00:00:01 0    146  [7,4,1]     00:00:00:00:00:07    00:00:00:00:00:01 1    439  [7,4,5,2,1]     00:00:00:00:00:07    00:00:00:00:00:01 2    439  [7,8,5,2,1]     00:00:00:00:00:07    00:00:00:00:00:01 3    439  [7,8,5,4,1]     00:00:00:00:00:07    00:00:00:00:00:01 4    731  [7,4,5,6,3,2,1]     00:00:00:00:00:07    00:00:00:00:00:01 5    731  [7,8,5,6,3,2,1]     00:00:00:00:00:07    00:00:00:00:00:01 6    731  [7,8,9,6,3,2,1]     00:00:00:00:00:07    00:00:00:00:00:01 7    731  [7,8,9,6,5,2,1]     00:00:00:00:00:07    00:00:00:00:00:01 8    731  [7,8,9,6,5,4,1]     00:00:00:00:00:07    00:00:00:00:00:01 9   1023  [7,4,5,8,9,6,3,2,1]     00:00:00:00:00:07    00:00:00:00:00:01 10   1023  [7,8,9,6,3,2,5,4,1]  
# h00:00:00:00:00:07 -> h00:00:00:00:00:02
   00:00:00:00:00:07    00:00:00:00:00:02 0    293  [7,4,1,2]     00:00:00:00:00:07    00:00:00:00:00:02 1    293  [7,4,5,2]     00:00:00:00:00:07    00:00:00:00:00:02 2    293  [7,8,5,2]     00:00:00:00:00:07    00:00:00:00:00:02 3    585  [7,4,5,6,3,2]     00:00:00:00:00:07    00:00:00:00:00:02 4    585  [7,8,5,4,1,2]     00:00:00:00:00:07    00:00:00:00:00:02 5    585  [7,8,5,6,3,2]     00:00:00:00:00:07    00:00:00:00:00:02 6    585  [7,8,9,6,3,2]     00:00:00:00:00:07    00:00:00:00:00:02 7    585  [7,8,9,6,5,2]     00:00:00:00:00:07    00:00:00:00:00:02 8    877  [7,4,5,8,9,6,3,2]     00:00:00:00:00:07    00:00:00:00:00:02 9    877  [7,8,9,6,5,4,1,2]  
# h00:00:00:00:00:07 -> h00:00:00:00:00:03
   00:00:00:00:00:07    00:00:00:00:00:03 0    439  [7,4,1,2,3]     00:00:00:00:00:07    00:00:00:00:00:03 1    439  [7,4,5,2,3]     00:00:00:00:00:07    00:00:00:00:00:03 2    439  [7,4,5,6,3]     00:00:00:00:00:07    00:00:00:00:00:03 3    439  [7,8,5,2,3]     00:00:00:00:00:07    00:00:00:00:00:03 4    439  [7,8,5,6,3]     00:00:00:00:00:07    00:00:00:00:00:03 5    439  [7,8,9,6,3]     00:00:00:00:00:07    00:00:00:00:00:03 6    731  [7,4,1,2,5,6,3]     00:00:00:00:00:07    00:00:00:00:00:03 7    731  [7,4,5,8,9,6,3]     00:00:00:00:00:07    00:00:00:00:00:03 8    731  [7,8,5,4,1,2,3]     00:00:00:00:00:07    00:00:00:00:00:03 9    731  [7,8,9,6,5,2,3]     00:00:00:00:00:07    00:00:00:00:00:03 10   1023  [7,4,1,2,5,8,9,6,3]     00:00:00:00:00:07    00:00:00:00:00:03 11   1023  [7,8,9,6,5,4,1,2,3]  
# h00:00:00:00:00:07 -> h00:00:00:00:00:04
   00:00:00:00:00:07    00:00:00:00:00:04 0    293  [7,4,5,6]     00:00:00:00:00:07    00:00:00:00:00:04 1    293  [7,8,5,6]     00:00:00:00:00:07    00:00:00:00:00:04 2    293  [7,8,9,6]     00:00:00:00:00:07    00:00:00:00:00:04 3    585  [7,4,1,2,3,6]     00:00:00:00:00:07    00:00:00:00:00:04 4    585  [7,4,1,2,5,6]     00:00:00:00:00:07    00:00:00:00:00:04 5    585  [7,4,5,2,3,6]     00:00:00:00:00:07    00:00:00:00:00:04 6    585  [7,4,5,8,9,6]     00:00:00:00:00:07    00:00:00:00:00:04 7    585  [7,8,5,2,3,6]     00:00:00:00:00:07    00:00:00:00:00:04 8    877  [7,4,1,2,5,8,9,6]     00:00:00:00:00:07    00:00:00:00:00:04 9    877  [7,8,5,4,1,2,3,6]  
# h00:00:00:00:00:07 -> h00:00:00:00:00:05
   00:00:00:00:00:07    00:00:00:00:00:05 0    146  [7,8,9]     00:00:00:00:00:07    00:00:00:00:00:05 1    439  [7,4,5,6,9]     00:00:00:00:00:07    00:00:00:00:00:05 2    439  [7,4,5,8,9]     00:00:00:00:00:07    00:00:00:00:00:05 3    439  [7,8,5,6,9]     00:00:00:00:00:07    00:00:00:00:00:05 4    731  [7,4,1,2,3,6,9]     00:00:00:00:00:07    00:00:00:00:00:05 5    731  [7,4,1,2,5,6,9]     00:00:00:00:00:07    00:00:00:00:00:05 6    731  [7,4,1,2,5,8,9]     00:00:00:00:00:07    00:00:00:00:00:05 7    731  [7,4,5,2,3,6,9]     00:00:00:00:00:07    00:00:00:00:00:05 8    731  [7,8,5,2,3,6,9]     00:00:00:00:00:07    00:00:00:00:00:05 9   1023  [7,4,1,2,3,6,5,8,9]     00:00:00:00:00:07    00:00:00:00:00:05 10   1023  [7,8,5,4,1,2,3,6,9]  
# h00:00:00:00:00:07 -> h00:00:00:00:00:06
   00:00:00:00:00:07    00:00:00:00:00:06 0      0  [7,8]     00:00:00:00:00:07    00:00:00:00:00:06 1    293  [7,4,5,8]     00:00:00:00:00:07    00:00:00:00:00:06 2    585  [7,4,1,2,5,8]     00:00:00:00:00:07    00:00:00:00:00:06 3    585  [7,4,5,6,9,8]     00:00:00:00:00:07    00:00:00:00:00:06 4    877  [7,4,1,2,3,6,5,8]     00:00:00:00:00:07    00:00:00:00:00:06 5    877  [7,4,1,2,3,6,9,8]     00:00:00:00:00:07    00:00:00:00:00:06 6    877  [7,4,1,2,5,6,9,8]     00:00:00:00:00:07    00:00:00:00:00:06 7    877  [7,4,5,2,3,6,9,8]  
# h00:00:00:00:00:07 -> h00:00:00:00:00:08
   00:00:00:00:00:07    00:00:00:00:00:08 0      0  [7,4]     00:00:00:00:00:07    00:00:00:00:00:08 1    293  [7,8,5,4]     00:00:00:00:00:07    00:00:00:00:00:08 2    585  [7,8,5,2,1,4]     00:00:00:00:00:07    00:00:00:00:00:08 3    585  [7,8,9,6,5,4]     00:00:00:00:00:07    00:00:00:00:00:08 4    877  [7,8,5,6,3,2,1,4]     00:00:00:00:00:07    00:00:00:00:00:08 5    877  [7,8,9,6,3,2,1,4]     00:00:00:00:00:07    00:00:00:00:00:08 6    877  [7,8,9,6,3,2,5,4]     00:00:00:00:00:07    00:00:00:00:00:08 7    877  [7,8,9,6,5,2,1,4]  
# h00:00:00:00:00:08 -> h00:00:00:00:00:01
   00:00:00:00:00:08    00:00:00:00:00:01 0      0  [4,1]     00:00:00:00:00:08    00:00:00:00:00:01 1    293  [4,5,2,1]     00:00:00:00:00:08    00:00:00:00:00:01 2    585  [4,5,6,3,2,1]     00:00:00:00:00:08    00:00:00:00:00:01 3    585  [4,7,8,5,2,1]     00:00:00:00:00:08    00:00:00:00:00:01 4    877  [4,5,8,9,6,3,2,1]     00:00:00:00:00:08    00:00:00:00:00:01 5    877  [4,7,8,5,6,3,2,1]     00:00:00:00:00:08    00:00:00:00:00:01 6    877  [4,7,8,9,6,3,2,1]     00:00:00:00:00:08    00:00:00:00:00:01 7    877  [4,7,8,9,6,5,2,1]  
# h00:00:00:00:00:08 -> h00:00:00:00:00:02
   00:00:00:00:00:08    00:00:00:00:00:02 0    146  [4,1,2]     00:00:00:00:00:08    00:00:00:00:00:02 1    146  [4,5,2]     00:00:00:00:00:08    00:00:00:00:00:02 2    439  [4,5,6,3,2]     00:00:00:00:00:08    00:00:00:00:00:02 3    439  [4,7,8,5,2]     00:00:00:00:00:08    00:00:00:00:00:02 4    731  [4,5,8,9,6,3,2]     00:00:00:00:00:08    00:00:00:00:00:02 5    731  [4,7,8,5,6,3,2]     00:00:00:00:00:08    00:00:00:00:00:02 6    731  [4,7,8,9,6,3,2]     00:00:00:00:00:08    00:00:00:00:00:02 7    731  [4,7,8,9,6,5,2]  
# h00:00:00:00:00:08 -> h00:00:00:00:00:03
   00:00:00:00:00:08    00:00:00:00:00:03 0    293  [4,1,2,3]     00:00:00:00:00:08    00:00:00:00:00:03 1    293  [4,5,2,3]     00:00:00:00:00:08    00:00:00:00:00:03 2    293  [4,5,6,3]     00:00:00:00:00:08    00:00:00:00:00:03 3    585  [4,1,2,5,6,3]     00:00:00:00:00:08    00:00:00:00:00:03 4    585  [4,5,8,9,6,3]     00:00:00:00:00:08    00:00:00:00:00:03 5    585  [4,7,8,5,2,3]     00:00:00:00:00:08    00:00:00:00:00:03 6    585  [4,7,8,5,6,3]     00:00:00:00:00:08    00:00:00:00:00:03 7    585  [4,7,8,9,6,3]     00:00:00:00:00:08    00:00:00:00:00:03 8    877  [4,1,2,5,8,9,6,3]     00:00:00:00:00:08    00:00:00:00:00:03 9    877  [4,7,8,9,6,5,2,3]  
# h00:00:00:00:00:08 -> h00:00:00:00:00:04
   00:00:00:00:00:08    00:00:00:00:00:04 0    146  [4,5,6]     00:00:00:00:00:08    00:00:00:00:00:04 1    439  [4,1,2,3,6]     00:00:00:00:00:08    00:00:00:00:00:04 2    439  [4,1,2,5,6]     00:00:00:00:00:08    00:00:00:00:00:04 3    439  [4,5,2,3,6]     00:00:00:00:00:08    00:00:00:00:00:04 4    439  [4,5,8,9,6]     00:00:00:00:00:08    00:00:00:00:00:04 5    439  [4,7,8,5,6]     00:00:00:00:00:08    00:00:00:00:00:04 6    439  [4,7,8,9,6]     00:00:00:00:00:08    00:00:00:00:00:04 7    731  [4,1,2,5,8,9,6]     00:00:00:00:00:08    00:00:00:00:00:04 8    731  [4,7,8,5,2,3,6]  
# h00:00:00:00:00:08 -> h00:00:00:00:00:05
   00:00:00:00:00:08    00:00:00:00:00:05 0    293  [4,5,6,9]     00:00:00:00:00:08    00:00:00:00:00:05 1    293  [4,5,8,9]     00:00:00:00:00:08    00:00:00:00:00:05 2    293  [4,7,8,9]     00:00:00:00:00:08    00:00:00:00:00:05 3    585  [4,1,2,3,6,9]     00:00:00:00:00:08    00:00:00:00:00:05 4    585  [4,1,2,5,6,9]     00:00:00:00:00:08    00:00:00:00:00:05 5    585  [4,1,2,5,8,9]     00:00:00:00:00:08    00:00:00:00:00:05 6    585  [4,5,2,3,6,9]     00:00:00:00:00:08    00:00:00:00:00:05 7    585  [4,7,8,5,6,9]     00:00:00:00:00:08    00:00:00:00:00:05 8    877  [4,1,2,3,6,5,8,9]     00:00:00:00:00:08    00:00:00:00:00:05 9    877  [4,7,8,5,2,3,6,9]  
# h00:00:00:00:00:08 -> h00:00:00:00:00:06
   00:00:00:00:00:08    00:00:00:00:00:06 0    146  [4,5,8]     00:00:00:00:00:08    00:00:00:00:00:06 1    146  [4,7,8]     00:00:00:00:00:08    00:00:00:00:00:06 2    439  [4,1,2,5,8]     00:00:00:00:00:08    00:00:00:00:00:06 3    439  [4,5,6,9,8]     00:00:00:00:00:08    00:00:00:00:00:06 4    731  [4,1,2,3,6,5,8]     00:00:00:00:00:08    00:00:00:00:00:06 5    731  [4,1,2,3,6,9,8]     00:00:00:00:00:08    00:00:00:00:00:06 6    731  [4,1,2,5,6,9,8]     00:00:00:00:00:08    00:00:00:00:00:06 7    731  [4,5,2,3,6,9,8]  
# h00:00:00:00:00:08 -> h00:00:00:00:00:07
   00:00:00:00:00:08    00:00:00:00:00:07 0      0  [4,7]     00:00:00:00:00:08    00:00:00:00:00:07 1    293  [4,5,8,7]     00:00:00:00:00:08    00:00:00:00:00:07 2    585  [4,1,2,5,8,7]     00:00:00:00:00:08    00:00:00:00:00:07 3    585  [4,5,6,9,8,7]     00:00:00:00:00:08    00:00:00:00:00:07 4    877  [4,1,2,3,6,5,8,7]     00:00:00:00:00:08    00:00:00:00:00:07 5    877  [4,1,2,3,6,9,8,7]     00:00:00:00:00:08    00:00:00:00:00:07 6    877  [4,1,2,5,6,9,8,7]     00:00:00:00:00:08    00:00:00:00:00:07 7    877  [4,5,2,3,6,9,8,7]  