# K-Shortest Paths Distribution
# Format: src_host dst_host  hop[switches] ...
# ==================================================================

   00:00:00:00:00:01    00:00:00:00:00:02  [1[13]]
   00:00:00:00:00:01    00:00:00:00:00:03  [3[5,6,13,14], 9[1,2,3,4,5,6,7,8,9,10,11,12,13,14,15,16,17,18,19,20], 11[1,2,3,4,5,6,7,8,9,10,11,12,13,14,15,16,17,18,19,20]]
   00:00:00:00:00:01    00:00:00:00:00:04  [3[5,6,13,14], 9[1,2,3,4,5,6,7,8,9,10,11,12,13,14,15,16,17,18,19,20], 11[1,2,3,4,5,6,7,8,9,10,11,12,13,14,15,16,17,18,19,20]]
   00:00:00:00:00:01    00:00:00:00:00:05  [5[1,2,3,4,5,6,7,8,13,15], 7[1,2,3,4,5,6,7,8,9,10,11,12,13,14,15,16], 9[1,2,3,4,5,6,7,8,9,10,11,12,13,14,15,16,17,18,19,20], 11[1,2,3,4,5,6,7,8,9,10,11,12,13,14,15,16,17,18,19,20]]
   00:00:00:00:00:01    00:00:00:00:00:06  [5[1,2,3,4,5,6,7,8,13,15], 7[1,2,3,4,5,6,7,8,9,10,11,12,13,14,15,16], 9[1,2,3,4,5,6,7,8,9,10,11,12,13,14,15,16,17,18,19,20], 11[1,2,3,4,5,6,7,8,9,10,11,12,13,14,15,16,17,18,19,20]]
   00:00:00:00:00:01    00:00:00:00:00:07  [5[1,2,3,4,5,6,7,8,13,16], 7[1,2,3,4,5,6,7,8,9,10,11,12,13,14,15,16], 9[1,2,3,4,5,6,7,8,9,10,11,12,13,14,15,16,17,18,19,20], 11[1,2,3,4,5,6,7,8,9,10,11,12,13,14,15,16,17,18,19,20]]
   00:00:00:00:00:01    00:00:00:00:00:08  [5[1,2,3,4,5,6,7,8,13,16], 7[1,2,3,4,5,6,7,8,9,10,11,12,13,14,15,16], 9[1,2,3,4,5,6,7,8,9,10,11,12,13,14,15,16,17,18,19,20], 11[1,2,3,4,5,6,7,8,9,10,11,12,13,14,15,16,17,18,19,20]]
   00:00:00:00:00:01    00:00:00:00:00:09  [5[1,2,3,4,5,6,9,10,13,17], 7[1,2,3,4,5,6,7,8,9,10,11,12,13,14,17,18], 9[1,2,3,4,5,6,7,8,9,10,11,12,13,14,15,16,17,18,19,20], 11[1,2,3,4,5,6,7,8,9,10,11,12,13,14,15,16,17,18,19,20]]
   00:00:00:00:00:01    00:00:00:00:00:0a  [5[1,2,3,4,5,6,9,10,13,17], 7[1,2,3,4,5,6,7,8,9,10,11,12,13,14,17,18], 9[1,2,3,4,5,6,7,8,9,10,11,12,13,14,15,16,17,18,19,20], 11[1,2,3,4,5,6,7,8,9,10,11,12,13,14,15,16,17,18,19,20]]
   00:00:00:00:00:01    00:00:00:00:00:0b  [5[1,2,3,4,5,6,9,10,13,18], 7[1,2,3,4,5,6,7,8,9,10,11,12,13,14,17,18], 9[1,2,3,4,5,6,7,8,9,10,11,12,13,14,15,16,17,18,19,20], 11[1,2,3,4,5,6,7,8,9,10,11,12,13,14,15,16,17,18,19,20]]
   00:00:00:00:00:01    00:00:00:00:00:0c  [5[1,2,3,4,5,6,9,10,13,18], 7[1,2,3,4,5,6,7,8,9,10,11,12,13,14,17,18], 9[1,2,3,4,5,6,7,8,9,10,11,12,13,14,15,16,17,18,19,20], 11[1,2,3,4,5,6,7,8,9,10,11,12,13,14,15,16,17,18,19,20]]
   00:00:00:00:00:01    00:00:00:00:00:0d  [5[1,2,3,4,5,6,11,12,13,19], 7[1,2,3,4,5,6,7,8,9,10,11,12,13,14,19,20], 9[1,2,3,4,5,6,7,8,9,10,11,12,13,14,15,16,17,18,19,20], 11[1,2,3,4,5,6,7,8,9,10,11,12,13,14,15,16,17,18,19,20]]
   00:00:00:00:00:01    00:00:00:00:00:0e  [5[1,2,3,4,5,6,11,12,13,19], 7[1,2,3,4,5,6,7,8,9,10,11,12,13,14,19,20], 9[1,2,3,4,5,6,7,8,9,10,11,12,13,14,15,16,17,18,19,20], 11[1,2,3,4,5,6,7,8,9,10,11,12,13,14,15,16,17,18,19,20]]
   00:00:00:00:00:01    00:00:00:00:00:0f  [5[1,2,3,4,5,6,11,12,13,20], 7[1,2,3,4,5,6,7,8,9,10,11,12,13,14,19,20], 9[1,2,3,4,5,6,7,8,9,10,11,12,13,14,15,16,17,18,19,20], 11[1,2,3,4,5,6,7,8,9,10,11,12,13,14,15,16,17,18,19,20]]
   00:00:00:00:00:01    00:00:00:00:00:10  [5[1,2,3,4,5,6,11,12,13,20], 7[1,2,3,4,5,6,7,8,9,10,11,12,13,14,19,20], 9[1,2,3,4,5,6,7,8,9,10,11,12,13,14,15,16,17,18,19,20], 11[1,2,3,4,5,6,7,8,9,10,11,12,13,14,15,16,17,18,19,20]]
   00:00:00:00:00:02    00:00:00:00:00:01  [1[13]]
   00:00:00:00:00:02    00:00:00:00:00:03  [3[5,6,13,14], 9[1,2,3,4,5,6,7,8,9,10,11,12,13,14,15,16,17,18,19,20], 11[1,2,3,4,5,6,7,8,9,10,11,12,13,14,15,16,17,18,19,20]]
   00:00:00:00:00:02    00:00:00:00:00:04  [3[5,6,13,14], 9[1,2,3,4,5,6,7,8,9,10,11,12,13,14,15,16,17,18,19,20], 11[1,2,3,4,5,6,7,8,9,10,11,12,13,14,15,16,17,18,19,20]]
   00:00:00:00:00:02    00:00:00:00:00:05  [5[1,2,3,4,5,6,7,8,13,15], 7[1,2,3,4,5,6,7,8,9,10,11,12,13,14,15,16], 9[1,2,3,4,5,6,7,8,9,10,11,12,13,14,15,16,17,18,19,20], 11[1,2,3,4,5,6,7,8,9,10,11,12,13,14,15,16,17,18,19,20]]
   00:00:00:00:00:02    00:00:00:00:00:06  [5[1,2,3,4,5,6,7,8,13,15], 7[1,2,3,4,5,6,7,8,9,10,11,12,13,14,15,16], 9[1,2,3,4,5,6,7,8,9,10,11,12,13,14,15,16,17,18,19,20], 11[1,2,3,4,5,6,7,8,9,10,11,12,13,14,15,16,17,18,19,20]]
   00:00:00:00:00:02    00:00:00:00:00:07  [5[1,2,3,4,5,6,7,8,13,16], 7[1,2,3,4,5,6,7,8,9,10,11,12,13,14,15,16], 9[1,2,3,4,5,6,7,8,9,10,11,12,13,14,15,16,17,18,19,20], 11[1,2,3,4,5,6,7,8,9,10,11,12,13,14,15,16,17,18,19,20]]
   00:00:00:00:00:02    00:00:00:00:00:08  [5[1,2,3,4,5,6,7,8,13,16], 7[1,2,3,4,5,6,7,8,9,10,11,12,13,14,15,16], 9[1,2,3,4,5,6,7,8,9,10,11,12,13,14,15,16,17,18,19,20], 11[1,2,3,4,5,6,7,8,9,10,11,12,13,14,15,16,17,18,19,20]]
   00:00:00:00:00:02    00:00:00:00:00:09  [5[1,2,3,4,5,6,9,10,13,17], 7[1,2,3,4,5,6,7,8,9,10,11,12,13,14,17,18], 9[1,2,3,4,5,6,7,8,9,10,11,12,13,14,15,16,17,18,19,20], 11[1,2,3,4,5,6,7,8,9,10,11,12,13,14,15,16,17,18,19,20]]
   00:00:00:00:00:02    00:00:00:00:00:0a  [5[1,2,3,4,5,6,9,10,13,17], 7[1,2,3,4,5,6,7,8,9,10,11,12,13,14,17,18], 9[1,2,3,4,5,6,7,8,9,10,11,12,13,14,15,16,17,18,19,20], 11[1,2,3,4,5,6,7,8,9,10,11,12,13,14,15,16,17,18,19,20]]
   00:00:00:00:00:02    00:00:00:00:00:0b  [5[1,2,3,4,5,6,9,10,13,18], 7[1,2,3,4,5,6,7,8,9,10,11,12,13,14,17,18], 9[1,2,3,4,5,6,7,8,9,10,11,12,13,14,15,16,17,18,19,20], 11[1,2,3,4,5,6,7,8,9,10,11,12,13,14,15,16,17,18,19,20]]
   00:00:00:00:00:02    00:00:00:00:00:0c  [5[1,2,3,4,5,6,9,10,13,18], 7[1,2,3,4,5,6,7,8,9,10,11,12,13,14,17,18], 9[1,2,3,4,5,6,7,8,9,10,11,12,13,14,15,16,17,18,19,20], 11[1,2,3,4,5,6,7,8,9,10,11,12,13,14,15,16,17,18,19,20]]
   00:00:00:00:00:02    00:00:00:00:00:0d  [5[1,2,3,4,5,6,11,12,13,19], 7[1,2,3,4,5,6,7,8,9,10,11,12,13,14,19,20], 9[1,2,3,4,5,6,7,8,9,10,11,12,13,14,15,16,17,18,19,20], 11[1,2,3,4,5,6,7,8,9,10,11,12,13,14,15,16,17,18,19,20]]
   00:00:00:00:00:02    00:00:00:00:00:0e  [5[1,2,3,4,5,6,11,12,13,19], 7[1,2,3,4,5,6,7,8,9,10,11,12,13,14,19,20], 9[1,2,3,4,5,6,7,8,9,10,11,12,13,14,15,16,17,18,19,20], 11[1,2,3,4,5,6,7,8,9,10,11,12,13,14,15,16,17,18,19,20]]
   00:00:00:00:00:02    00:00:00:00:00:0f  [5[1,2,3,4,5,6,11,12,13,20], 7[1,2,3,4,5,6,7,8,9,10,11,12,13,14,19,20], 9[1,2,3,4,5,6,7,8,9,10,11,12,13,14,15,16,17,18,19,20], 11[1,2,3,4,5,6,7,8,9,10,11,12,13,14,15,16,17,18,19,20]]
   00:00:00:00:00:02    00:00:00:00:00:10  [5[1,2,3,4,5,6,11,12,13,20], 7[1,2,3,4,5,6,7,8,9,10,11,12,13,14,19,20], 9[1,2,3,4,5,6,7,8,9,10,11,12,13,14,15,16,17,18,19,20], 11[1,2,3,4,5,6,7,8,9,10,11,12,13,14,15,16,17,18,19,20]]
   00:00:00:00:00:03    00:00:00:00:00:01  [3[5,6,13,14], 9[1,2,3,4,5,6,7,8,9,10,11,12,13,14,15,16,17,18,19,20], 11[1,2,3,4,5,6,7,8,9,10,11,12,13,14,15,16,17,18,19,20]]
   00:00:00:00:00:03    00:00:00:00:00:02  [3[5,6,13,14], 9[1,2,3,4,5,6,7,8,9,10,11,12,13,14,15,16,17,18,19,20], 11[1,2,3,4,5,6,7,8,9,10,11,12,13,14,15,16,17,18,19,20]]
   00:00:00:00:00:03    00:00:00:00:00:04  [1[14]]
   00:00:00:00:00:03    00:00:00:00:00:05  [5[1,2,3,4,5,6,7,8,14,15], 7[1,2,3,4,5,6,7,8,9,10,11,12,13,14,15,16], 9[1,2,3,4,5,6,7,8,9,10,11,12,13,14,15,16,17,18,19,20], 11[1,2,3,4,5,6,7,8,9,10,11,12,13,14,15,16,17,18,19,20]]
   00:00:00:00:00:03    00:00:00:00:00:06  [5[1,2,3,4,5,6,7,8,14,15], 7[1,2,3,4,5,6,7,8,9,10,11,12,13,14,15,16], 9[1,2,3,4,5,6,7,8,9,10,11,12,13,14,15,16,17,18,19,20], 11[1,2,3,4,5,6,7,8,9,10,11,12,13,14,15,16,17,18,19,20]]
   00:00:00:00:00:03    00:00:00:00:00:07  [5[1,2,3,4,5,6,7,8,14,16], 7[1,2,3,4,5,6,7,8,9,10,11,12,13,14,15,16], 9[1,2,3,4,5,6,7,8,9,10,11,12,13,14,15,16,17,18,19,20], 11[1,2,3,4,5,6,7,8,9,10,11,12,13,14,15,16,17,18,19,20]]
   00:00:00:00:00:03    00:00:00:00:00:08  [5[1,2,3,4,5,6,7,8,14,16], 7[1,2,3,4,5,6,7,8,9,10,11,12,13,14,15,16], 9[1,2,3,4,5,6,7,8,9,10,11,12,13,14,15,16,17,18,19,20], 11[1,2,3,4,5,6,7,8,9,10,11,12,13,14,15,16,17,18,19,20]]
   00:00:00:00:00:03    00:00:00:00:00:09  [5[1,2,3,4,5,6,9,10,14,17], 7[1,2,3,4,5,6,7,8,9,10,11,12,13,14,17,18], 9[1,2,3,4,5,6,7,8,9,10,11,12,13,14,15,16,17,18,19,20], 11[1,2,3,4,5,6,7,8,9,10,11,12,13,14,15,16,17,18,19,20]]
   00:00:00:00:00:03    00:00:00:00:00:0a  [5[1,2,3,4,5,6,9,10,14,17], 7[1,2,3,4,5,6,7,8,9,10,11,12,13,14,17,18], 9[1,2,3,4,5,6,7,8,9,10,11,12,13,14,15,16,17,18,19,20], 11[1,2,3,4,5,6,7,8,9,10,11,12,13,14,15,16,17,18,19,20]]
   00:00:00:00:00:03    00:00:00:00:00:0b  [5[1,2,3,4,5,6,9,10,14,18], 7[1,2,3,4,5,6,7,8,9,10,11,12,13,14,17,18], 9[1,2,3,4,5,6,7,8,9,10,11,12,13,14,15,16,17,18,19,20], 11[1,2,3,4,5,6,7,8,9,10,11,12,13,14,15,16,17,18,19,20]]
   00:00:00:00:00:03    00:00:00:00:00:0c  [5[1,2,3,4,5,6,9,10,14,18], 7[1,2,3,4,5,6,7,8,9,10,11,12,13,14,17,18], 9[1,2,3,4,5,6,7,8,9,10,11,12,13,14,15,16,17,18,19,20], 11[1,2,3,4,5,6,7,8,9,10,11,12,13,14,15,16,17,18,19,20]]
   00:00:00:00:00:03    00:00:00:00:00:0d  [5[1,2,3,4,5,6,11,12,14,19], 7[1,2,3,4,5,6,7,8,9,10,11,12,13,14,19,20], 9[1,2,3,4,5,6,7,8,9,10,11,12,13,14,15,16,17,18,19,20], 11[1,2,3,4,5,6,7,8,9,10,11,12,13,14,15,16,17,18,19,20]]
   00:00:00:00:00:03    00:00:00:00:00:0e  [5[1,2,3,4,5,6,11,12,14,19], 7[1,2,3,4,5,6,7,8,9,10,11,12,13,14,19,20], 9[1,2,3,4,5,6,7,8,9,10,11,12,13,14,15,16,17,18,19,20], 11[1,2,3,4,5,6,7,8,9,10,11,12,13,14,15,16,17,18,19,20]]
   00:00:00:00:00:03    00:00:00:00:00:0f  [5[1,2,3,4,5,6,11,12,14,20], 7[1,2,3,4,5,6,7,8,9,10,11,12,13,14,19,20], 9[1,2,3,4,5,6,7,8,9,10,11,12,13,14,15,16,17,18,19,20], 11[1,2,3,4,5,6,7,8,9,10,11,12,13,14,15,16,17,18,19,20]]
   00:00:00:00:00:03    00:00:00:00:00:10  [5[1,2,3,4,5,6,11,12,14,20], 7[1,2,3,4,5,6,7,8,9,10,11,12,13,14,19,20], 9[1,2,3,4,5,6,7,8,9,10,11,12,13,14,15,16,17,18,19,20], 11[1,2,3,4,5,6,7,8,9,10,11,12,13,14,15,16,17,18,19,20]]
   00:00:00:00:00:04    00:00:00:00:00:01  [3[5,6,13,14], 9[1,2,3,4,5,6,7,8,9,10,11,12,13,14,15,16,17,18,19,20], 11[1,2,3,4,5,6,7,8,9,10,11,12,13,14,15,16,17,18,19,20]]
   00:00:00:00:00:04    00:00:00:00:00:02  [3[5,6,13,14], 9[1,2,3,4,5,6,7,8,9,10,11,12,13,14,15,16,17,18,19,20], 11[1,2,3,4,5,6,7,8,9,10,11,12,13,14,15,16,17,18,19,20]]
   00:00:00:00:00:04    00:00:00:00:00:03  [1[14]]
   00:00:00:00:00:04    00:00:00:00:00:05  [5[1,2,3,4,5,6,7,8,14,15], 7[1,2,3,4,5,6,7,8,9,10,11,12,13,14,15,16], 9[1,2,3,4,5,6,7,8,9,10,11,12,13,14,15,16,17,18,19,20], 11[1,2,3,4,5,6,7,8,9,10,11,12,13,14,15,16,17,18,19,20]]
   00:00:00:00:00:04    00:00:00:00:00:06  [5[1,2,3,4,5,6,7,8,14,15], 7[1,2,3,4,5,6,7,8,9,10,11,12,13,14,15,16], 9[1,2,3,4,5,6,7,8,9,10,11,12,13,14,15,16,17,18,19,20], 11[1,2,3,4,5,6,7,8,9,10,11,12,13,14,15,16,17,18,19,20]]
   00:00:00:00:00:04    00:00:00:00:00:07  [5[1,2,3,4,5,6,7,8,14,16], 7[1,2,3,4,5,6,7,8,9,10,11,12,13,14,15,16], 9[1,2,3,4,5,6,7,8,9,10,11,12,13,14,15,16,17,18,19,20], 11[1,2,3,4,5,6,7,8,9,10,11,12,13,14,15,16,17,18,19,20]]
   00:00:00:00:00:04    00:00:00:00:00:08  [5[1,2,3,4,5,6,7,8,14,16], 7[1,2,3,4,5,6,7,8,9,10,11,12,13,14,15,16], 9[1,2,3,4,5,6,7,8,9,10,11,12,13,14,15,16,17,18,19,20], 11[1,2,3,4,5,6,7,8,9,10,11,12,13,14,15,16,17,18,19,20]]
   00:00:00:00:00:04    00:00:00:00:00:09  [5[1,2,3,4,5,6,9,10,14,17], 7[1,2,3,4,5,6,7,8,9,10,11,12,13,14,17,18], 9[1,2,3,4,5,6,7,8,9,10,11,12,13,14,15,16,17,18,19,20], 11[1,2,3,4,5,6,7,8,9,10,11,12,13,14,15,16,17,18,19,20]]
   00:00:00:00:00:04    00:00:00:00:00:0a  [5[1,2,3,4,5,6,9,10,14,17], 7[1,2,3,4,5,6,7,8,9,10,11,12,13,14,17,18], 9[1,2,3,4,5,6,7,8,9,10,11,12,13,14,15,16,17,18,19,20], 11[1,2,3,4,5,6,7,8,9,10,11,12,13,14,15,16,17,18,19,20]]
   00:00:00:00:00:04    00:00:00:00:00:0b  [5[1,2,3,4,5,6,9,10,14,18], 7[1,2,3,4,5,6,7,8,9,10,11,12,13,14,17,18], 9[1,2,3,4,5,6,7,8,9,10,11,12,13,14,15,16,17,18,19,20], 11[1,2,3,4,5,6,7,8,9,10,11,12,13,14,15,16,17,18,19,20]]
   00:00:00:00:00:04    00:00:00:00:00:0c  [5[1,2,3,4,5,6,9,10,14,18], 7[1,2,3,4,5,6,7,8,9,10,11,12,13,14,17,18], 9[1,2,3,4,5,6,7,8,9,10,11,12,13,14,15,16,17,18,19,20], 11[1,2,3,4,5,6,7,8,9,10,11,12,13,14,15,16,17,18,19,20]]
   00:00:00:00:00:04    00:00:00:00:00:0d  [5[1,2,3,4,5,6,11,12,14,19], 7[1,2,3,4,5,6,7,8,9,10,11,12,13,14,19,20], 9[1,2,3,4,5,6,7,8,9,10,11,12,13,14,15,16,17,18,19,20], 11[1,2,3,4,5,6,7,8,9,10,11,12,13,14,15,16,17,18,19,20]]
   00:00:00:00:00:04    00:00:00:00:00:0e  [5[1,2,3,4,5,6,11,12,14,19], 7[1,2,3,4,5,6,7,8,9,10,11,12,13,14,19,20], 9[1,2,3,4,5,6,7,8,9,10,11,12,13,14,15,16,17,18,19,20], 11[1,2,3,4,5,6,7,8,9,10,11,12,13,14,15,16,17,18,19,20]]
   00:00:00:00:00:04    00:00:00:00:00:0f  [5[1,2,3,4,5,6,11,12,14,20], 7[1,2,3,4,5,6,7,8,9,10,11,12,13,14,19,20], 9[1,2,3,4,5,6,7,8,9,10,11,12,13,14,15,16,17,18,19,20], 11[1,2,3,4,5,6,7,8,9,10,11,12,13,14,15,16,17,18,19,20]]
   00:00:00:00:00:04    00:00:00:00:00:10  [5[1,2,3,4,5,6,11,12,14,20], 7[1,2,3,4,5,6,7,8,9,10,11,12,13,14,19,20], 9[1,2,3,4,5,6,7,8,9,10,11,12,13,14,15,16,17,18,19,20], 11[1,2,3,4,5,6,7,8,9,10,11,12,13,14,15,16,17,18,19,20]]
   00:00:00:00:00:05    00:00:00:00:00:01  [5[1,2,3,4,5,6,7,8,13,15], 7[1,2,3,4,5,6,7,8,9,10,11,12,13,14,15,16], 9[1,2,3,4,5,6,7,8,9,10,11,12,13,14,15,16,17,18,19,20], 11[1,2,3,4,5,6,7,8,9,10,11,12,13,14,15,16,17,18,19,20]]
   00:00:00:00:00:05    00:00:00:00:00:02  [5[1,2,3,4,5,6,7,8,13,15], 7[1,2,3,4,5,6,7,8,9,10,11,12,13,14,15,16], 9[1,2,3,4,5,6,7,8,9,10,11,12,13,14,15,16,17,18,19,20], 11[1,2,3,4,5,6,7,8,9,10,11,12,13,14,15,16,17,18,19,20]]
   00:00:00:00:00:05    00:00:00:00:00:03  [5[1,2,3,4,5,6,7,8,14,15], 7[1,2,3,4,5,6,7,8,9,10,11,12,13,14,15,16], 9[1,2,3,4,5,6,7,8,9,10,11,12,13,14,15,16,17,18,19,20], 11[1,2,3,4,5,6,7,8,9,10,11,12,13,14,15,16,17,18,19,20]]
   00:00:00:00:00:05    00:00:00:00:00:04  [5[1,2,3,4,5,6,7,8,14,15], 7[1,2,3,4,5,6,7,8,9,10,11,12,13,14,15,16], 9[1,2,3,4,5,6,7,8,9,10,11,12,13,14,15,16,17,18,19,20], 11[1,2,3,4,5,6,7,8,9,10,11,12,13,14,15,16,17,18,19,20]]
   00:00:00:00:00:05    00:00:00:00:00:06  [1[15]]
   00:00:00:00:00:05    00:00:00:00:00:07  [3[7,8,15,16], 9[1,2,3,4,5,6,7,8,9,10,11,12,13,14,15,16,17,18,19,20], 11[1,2,3,4,5,6,7,8,9,10,11,12,13,14,15,16,17,18,19,20]]
   00:00:00:00:00:05    00:00:00:00:00:08  [3[7,8,15,16], 9[1,2,3,4,5,6,7,8,9,10,11,12,13,14,15,16,17,18,19,20], 11[1,2,3,4,5,6,7,8,9,10,11,12,13,14,15,16,17,18,19,20]]
   00:00:00:00:00:05    00:00:00:00:00:09  [5[1,2,3,4,7,8,9,10,15,17], 7[1,2,3,4,5,6,7,8,9,10,11,12,15,16,17,18], 9[1,2,3,4,5,6,7,8,9,10,11,12,13,14,15,16,17,18,19,20], 11[1,2,3,4,5,6,7,8,9,10,11,12,13,14,15,16,17,18,19,20]]
   00:00:00:00:00:05    00:00:00:00:00:0a  [5[1,2,3,4,7,8,9,10,15,17], 7[1,2,3,4,5,6,7,8,9,10,11,12,15,16,17,18], 9[1,2,3,4,5,6,7,8,9,10,11,12,13,14,15,16,17,18,19,20], 11[1,2,3,4,5,6,7,8,9,10,11,12,13,14,15,16,17,18,19,20]]
   00:00:00:00:00:05    00:00:00:00:00:0b  [5[1,2,3,4,7,8,9,10,15,18], 7[1,2,3,4,5,6,7,8,9,10,11,12,15,16,17,18], 9[1,2,3,4,5,6,7,8,9,10,11,12,13,14,15,16,17,18,19,20], 11[1,2,3,4,5,6,7,8,9,10,11,12,13,14,15,16,17,18,19,20]]
   00:00:00:00:00:05    00:00:00:00:00:0c  [5[1,2,3,4,7,8,9,10,15,18], 7[1,2,3,4,5,6,7,8,9,10,11,12,15,16,17,18], 9[1,2,3,4,5,6,7,8,9,10,11,12,13,14,15,16,17,18,19,20], 11[1,2,3,4,5,6,7,8,9,10,11,12,13,14,15,16,17,18,19,20]]
   00:00:00:00:00:05    00:00:00:00:00:0d  [5[1,2,3,4,7,8,11,12,15,19], 7[1,2,3,4,5,6,7,8,9,10,11,12,15,16,19,20], 9[1,2,3,4,5,6,7,8,9,10,11,12,13,14,15,16,17,18,19,20], 11[1,2,3,4,5,6,7,8,9,10,11,12,13,14,15,16,17,18,19,20]]
   00:00:00:00:00:05    00:00:00:00:00:0e  [5[1,2,3,4,7,8,11,12,15,19], 7[1,2,3,4,5,6,7,8,9,10,11,12,15,16,19,20], 9[1,2,3,4,5,6,7,8,9,10,11,12,13,14,15,16,17,18,19,20], 11[1,2,3,4,5,6,7,8,9,10,11,12,13,14,15,16,17,18,19,20]]
   00:00:00:00:00:05    00:00:00:00:00:0f  [5[1,2,3,4,7,8,11,12,15,20], 7[1,2,3,4,5,6,7,8,9,10,11,12,15,16,19,20], 9[1,2,3,4,5,6,7,8,9,10,11,12,13,14,15,16,17,18,19,20], 11[1,2,3,4,5,6,7,8,9,10,11,12,13,14,15,16,17,18,19,20]]
   00:00:00:00:00:05    00:00:00:00:00:10  [5[1,2,3,4,7,8,11,12,15,20], 7[1,2,3,4,5,6,7,8,9,10,11,12,15,16,19,20], 9[1,2,3,4,5,6,7,8,9,10,11,12,13,14,15,16,17,18,19,20], 11[1,2,3,4,5,6,7,8,9,10,11,12,13,14,15,16,17,18,19,20]]
   00:00:00:00:00:06    00:00:00:00:00:01  [5[1,2,3,4,5,6,7,8,13,15], 7[1,2,3,4,5,6,7,8,9,10,11,12,13,14,15,16], 9[1,2,3,4,5,6,7,8,9,10,11,12,13,14,15,16,17,18,19,20], 11[1,2,3,4,5,6,7,8,9,10,11,12,13,14,15,16,17,18,19,20]]
   00:00:00:00:00:06    00:00:00:00:00:02  [5[1,2,3,4,5,6,7,8,13,15], 7[1,2,3,4,5,6,7,8,9,10,11,12,13,14,15,16], 9[1,2,3,4,5,6,7,8,9,10,11,12,13,14,15,16,17,18,19,20], 11[1,2,3,4,5,6,7,8,9,10,11,12,13,14,15,16,17,18,19,20]]
   00:00:00:00:00:06    00:00:00:00:00:03  [5[1,2,3,4,5,6,7,8,14,15], 7[1,2,3,4,5,6,7,8,9,10,11,12,13,14,15,16], 9[1,2,3,4,5,6,7,8,9,10,11,12,13,14,15,16,17,18,19,20], 11[1,2,3,4,5,6,7,8,9,10,11,12,13,14,15,16,17,18,19,20]]
   00:00:00:00:00:06    00:00:00:00:00:04  [5[1,2,3,4,5,6,7,8,14,15], 7[1,2,3,4,5,6,7,8,9,10,11,12,13,14,15,16], 9[1,2,3,4,5,6,7,8,9,10,11,12,13,14,15,16,17,18,19,20], 11[1,2,3,4,5,6,7,8,9,10,11,12,13,14,15,16,17,18,19,20]]
   00:00:00:00:00:06    00:00:00:00:00:05  [1[15]]
   00:00:00:00:00:06    00:00:00:00:00:07  [3[7,8,15,16], 9[1,2,3,4,5,6,7,8,9,10,11,12,13,14,15,16,17,18,19,20], 11[1,2,3,4,5,6,7,8,9,10,11,12,13,14,15,16,17,18,19,20]]
   00:00:00:00:00:06    00:00:00:00:00:08  [3[7,8,15,16], 9[1,2,3,4,5,6,7,8,9,10,11,12,13,14,15,16,17,18,19,20], 11[1,2,3,4,5,6,7,8,9,10,11,12,13,14,15,16,17,18,19,20]]
   00:00:00:00:00:06    00:00:00:00:00:09  [5[1,2,3,4,7,8,9,10,15,17], 7[1,2,3,4,5,6,7,8,9,10,11,12,15,16,17,18], 9[1,2,3,4,5,6,7,8,9,10,11,12,13,14,15,16,17,18,19,20], 11[1,2,3,4,5,6,7,8,9,10,11,12,13,14,15,16,17,18,19,20]]
   00:00:00:00:00:06    00:00:00:00:00:0a  [5[1,2,3,4,7,8,9,10,15,17], 7[1,2,3,4,5,6,7,8,9,10,11,12,15,16,17,18], 9[1,2,3,4,5,6,7,8,9,10,11,12,13,14,15,16,17,18,19,20], 11[1,2,3,4,5,6,7,8,9,10,11,12,13,14,15,16,17,18,19,20]]
   00:00:00:00:00:06    00:00:00:00:00:0b  [5[1,2,3,4,7,8,9,10,15,18], 7[1,2,3,4,5,6,7,8,9,10,11,12,15,16,17,18], 9[1,2,3,4,5,6,7,8,9,10,11,12,13,14,15,16,17,18,19,20], 11[1,2,3,4,5,6,7,8,9,10,11,12,13,14,15,16,17,18,19,20]]
   00:00:00:00:00:06    00:00:00:00:00:0c  [5[1,2,3,4,7,8,9,10,15,18], 7[1,2,3,4,5,6,7,8,9,10,11,12,15,16,17,18], 9[1,2,3,4,5,6,7,8,9,10,11,12,13,14,15,16,17,18,19,20], 11[1,2,3,4,5,6,7,8,9,10,11,12,13,14,15,16,17,18,19,20]]
   00:00:00:00:00:06    00:00:00:00:00:0d  [5[1,2,3,4,7,8,11,12,15,19], 7[1,2,3,4,5,6,7,8,9,10,11,12,15,16,19,20], 9[1,2,3,4,5,6,7,8,9,10,11,12,13,14,15,16,17,18,19,20], 11[1,2,3,4,5,6,7,8,9,10,11,12,13,14,15,16,17,18,19,20]]
   00:00:00:00:00:06    00:00:00:00:00:0e  [5[1,2,3,4,7,8,11,12,15,19], 7[1,2,3,4,5,6,7,8,9,10,11,12,15,16,19,20], 9[1,2,3,4,5,6,7,8,9,10,11,12,13,14,15,16,17,18,19,20], 11[1,2,3,4,5,6,7,8,9,10,11,12,13,14,15,16,17,18,19,20]]
   00:00:00:00:00:06    00:00:00:00:00:0f  [5[1,2,3,4,7,8,11,12,15,20], 7[1,2,3,4,5,6,7,8,9,10,11,12,15,16,19,20], 9[1,2,3,4,5,6,7,8,9,10,11,12,13,14,15,16,17,18,19,20], 11[1,2,3,4,5,6,7,8,9,10,11,12,13,14,15,16,17,18,19,20]]
   00:00:00:00:00:06    00:00:00:00:00:10  [5[1,2,3,4,7,8,11,12,15,20], 7[1,2,3,4,5,6,7,8,9,10,11,12,15,16,19,20], 9[1,2,3,4,5,6,7,8,9,10,11,12,13,14,15,16,17,18,19,20], 11[1,2,3,4,5,6,7,8,9,10,11,12,13,14,15,16,17,18,19,20]]
   00:00:00:00:00:07    00:00:00:00:00:01  [5[1,2,3,4,5,6,7,8,13,16], 7[1,2,3,4,5,6,7,8,9,10,11,12,13,14,15,16], 9[1,2,3,4,5,6,7,8,9,10,11,12,13,14,15,16,17,18,19,20], 11[1,2,3,4,5,6,7,8,9,10,11,12,13,14,15,16,17,18,19,20]]
   00:00:00:00:00:07    00:00:00:00:00:02  [5[1,2,3,4,5,6,7,8,13,16], 7[1,2,3,4,5,6,7,8,9,10,11,12,13,14,15,16], 9[1,2,3,4,5,6,7,8,9,10,11,12,13,14,15,16,17,18,19,20], 11[1,2,3,4,5,6,7,8,9,10,11,12,13,14,15,16,17,18,19,20]]
   00:00:00:00:00:07    00:00:00:00:00:03  [5[1,2,3,4,5,6,7,8,14,16], 7[1,2,3,4,5,6,7,8,9,10,11,12,13,14,15,16], 9[1,2,3,4,5,6,7,8,9,10,11,12,13,14,15,16,17,18,19,20], 11[1,2,3,4,5,6,7,8,9,10,11,12,13,14,15,16,17,18,19,20]]
   00:00:00:00:00:07    00:00:00:00:00:04  [5[1,2,3,4,5,6,7,8,14,16], 7[1,2,3,4,5,6,7,8,9,10,11,12,13,14,15,16], 9[1,2,3,4,5,6,7,8,9,10,11,12,13,14,15,16,17,18,19,20], 11[1,2,3,4,5,6,7,8,9,10,11,12,13,14,15,16,17,18,19,20]]
   00:00:00:00:00:07    00:00:00:00:00:05  [3[7,8,15,16], 9[1,2,3,4,5,6,7,8,9,10,11,12,13,14,15,16,17,18,19,20], 11[1,2,3,4,5,6,7,8,9,10,11,12,13,14,15,16,17,18,19,20]]
   00:00:00:00:00:07    00:00:00:00:00:06  [3[7,8,15,16], 9[1,2,3,4,5,6,7,8,9,10,11,12,13,14,15,16,17,18,19,20], 11[1,2,3,4,5,6,7,8,9,10,11,12,13,14,15,16,17,18,19,20]]
   00:00:00:00:00:07    00:00:00:00:00:08  [1[16]]
   00:00:00:00:00:07    00:00:00:00:00:09  [5[1,2,3,4,7,8,9,10,16,17], 7[1,2,3,4,5,6,7,8,9,10,11,12,15,16,17,18], 9[1,2,3,4,5,6,7,8,9,10,11,12,13,14,15,16,17,18,19,20], 11[1,2,3,4,5,6,7,8,9,10,11,12,13,14,15,16,17,18,19,20]]
   00:00:00:00:00:07    00:00:00:00:00:0a  [5[1,2,3,4,7,8,9,10,16,17], 7[1,2,3,4,5,6,7,8,9,10,11,12,15,16,17,18], 9[1,2,3,4,5,6,7,8,9,10,11,12,13,14,15,16,17,18,19,20], 11[1,2,3,4,5,6,7,8,9,10,11,12,13,14,15,16,17,18,19,20]]
   00:00:00:00:00:07    00:00:00:00:00:0b  [5[1,2,3,4,7,8,9,10,16,18], 7[1,2,3,4,5,6,7,8,9,10,11,12,15,16,17,18], 9[1,2,3,4,5,6,7,8,9,10,11,12,13,14,15,16,17,18,19,20], 11[1,2,3,4,5,6,7,8,9,10,11,12,13,14,15,16,17,18,19,20]]
   00:00:00:00:00:07    00:00:00:00:00:0c  [5[1,2,3,4,7,8,9,10,16,18], 7[1,2,3,4,5,6,7,8,9,10,11,12,15,16,17,18], 9[1,2,3,4,5,6,7,8,9,10,11,12,13,14,15,16,17,18,19,20], 11[1,2,3,4,5,6,7,8,9,10,11,12,13,14,15,16,17,18,19,20]]
   00:00:00:00:00:07    00:00:00:00:00:0d  [5[1,2,3,4,7,8,11,12,16,19], 7[1,2,3,4,5,6,7,8,9,10,11,12,15,16,19,20], 9[1,2,3,4,5,6,7,8,9,10,11,12,13,14,15,16,17,18,19,20], 11[1,2,3,4,5,6,7,8,9,10,11,12,13,14,15,16,17,18,19,20]]
   00:00:00:00:00:07    00:00:00:00:00:0e  [5[1,2,3,4,7,8,11,12,16,19], 7[1,2,3,4,5,6,7,8,9,10,11,12,15,16,19,20], 9[1,2,3,4,5,6,7,8,9,10,11,12,13,14,15,16,17,18,19,20], 11[1,2,3,4,5,6,7,8,9,10,11,12,13,14,15,16,17,18,19,20]]
   00:00:00:00:00:07    00:00:00:00:00:0f  [5[1,2,3,4,7,8,11,12,16,20], 7[1,2,3,4,5,6,7,8,9,10,11,12,15,16,19,20], 9[1,2,3,4,5,6,7,8,9,10,11,12,13,14,15,16,17,18,19,20], 11[1,2,3,4,5,6,7,8,9,10,11,12,13,14,15,16,17,18,19,20]]
   00:00:00:00:00:07    00:00:00:00:00:10  [5[1,2,3,4,7,8,11,12,16,20], 7[1,2,3,4,5,6,7,8,9,10,11,12,15,16,19,20], 9[1,2,3,4,5,6,7,8,9,10,11,12,13,14,15,16,17,18,19,20], 11[1,2,3,4,5,6,7,8,9,10,11,12,13,14,15,16,17,18,19,20]]
   00:00:00:00:00:08    00:00:00:00:00:01  [5[1,2,3,4,5,6,7,8,13,16], 7[1,2,3,4,5,6,7,8,9,10,11,12,13,14,15,16], 9[1,2,3,4,5,6,7,8,9,10,11,12,13,14,15,16,17,18,19,20], 11[1,2,3,4,5,6,7,8,9,10,11,12,13,14,15,16,17,18,19,20]]
   00:00:00:00:00:08    00:00:00:00:00:02  [5[1,2,3,4,5,6,7,8,13,16], 7[1,2,3,4,5,6,7,8,9,10,11,12,13,14,15,16], 9[1,2,3,4,5,6,7,8,9,10,11,12,13,14,15,16,17,18,19,20], 11[1,2,3,4,5,6,7,8,9,10,11,12,13,14,15,16,17,18,19,20]]
   00:00:00:00:00:08    00:00:00:00:00:03  [5[1,2,3,4,5,6,7,8,14,16], 7[1,2,3,4,5,6,7,8,9,10,11,12,13,14,15,16], 9[1,2,3,4,5,6,7,8,9,10,11,12,13,14,15,16,17,18,19,20], 11[1,2,3,4,5,6,7,8,9,10,11,12,13,14,15,16,17,18,19,20]]
   00:00:00:00:00:08    00:00:00:00:00:04  [5[1,2,3,4,5,6,7,8,14,16], 7[1,2,3,4,5,6,7,8,9,10,11,12,13,14,15,16], 9[1,2,3,4,5,6,7,8,9,10,11,12,13,14,15,16,17,18,19,20], 11[1,2,3,4,5,6,7,8,9,10,11,12,13,14,15,16,17,18,19,20]]
   00:00:00:00:00:08    00:00:00:00:00:05  [3[7,8,15,16], 9[1,2,3,4,5,6,7,8,9,10,11,12,13,14,15,16,17,18,19,20], 11[1,2,3,4,5,6,7,8,9,10,11,12,13,14,15,16,17,18,19,20]]
   00:00:00:00:00:08    00:00:00:00:00:06  [3[7,8,15,16], 9[1,2,3,4,5,6,7,8,9,10,11,12,13,14,15,16,17,18,19,20], 11[1,2,3,4,5,6,7,8,9,10,11,12,13,14,15,16,17,18,19,20]]
   00:00:00:00:00:08    00:00:00:00:00:07  [1[16]]
   00:00:00:00:00:08    00:00:00:00:00:09  [5[1,2,3,4,7,8,9,10,16,17], 7[1,2,3,4,5,6,7,8,9,10,11,12,15,16,17,18], 9[1,2,3,4,5,6,7,8,9,10,11,12,13,14,15,16,17,18,19,20], 11[1,2,3,4,5,6,7,8,9,10,11,12,13,14,15,16,17,18,19,20]]
   00:00:00:00:00:08    00:00:00:00:00:0a  [5[1,2,3,4,7,8,9,10,16,17], 7[1,2,3,4,5,6,7,8,9,10,11,12,15,16,17,18], 9[1,2,3,4,5,6,7,8,9,10,11,12,13,14,15,16,17,18,19,20], 11[1,2,3,4,5,6,7,8,9,10,11,12,13,14,15,16,17,18,19,20]]
   00:00:00:00:00:08    00:00:00:00:00:0b  [5[1,2,3,4,7,8,9,10,16,18], 7[1,2,3,4,5,6,7,8,9,10,11,12,15,16,17,18], 9[1,2,3,4,5,6,7,8,9,10,11,12,13,14,15,16,17,18,19,20], 11[1,2,3,4,5,6,7,8,9,10,11,12,13,14,15,16,17,18,19,20]]
   00:00:00:00:00:08    00:00:00:00:00:0c  [5[1,2,3,4,7,8,9,10,16,18], 7[1,2,3,4,5,6,7,8,9,10,11,12,15,16,17,18], 9[1,2,3,4,5,6,7,8,9,10,11,12,13,14,15,16,17,18,19,20], 11[1,2,3,4,5,6,7,8,9,10,11,12,13,14,15,16,17,18,19,20]]
   00:00:00:00:00:08    00:00:00:00:00:0d  [5[1,2,3,4,7,8,11,12,16,19], 7[1,2,3,4,5,6,7,8,9,10,11,12,15,16,19,20], 9[1,2,3,4,5,6,7,8,9,10,11,12,13,14,15,16,17,18,19,20], 11[1,2,3,4,5,6,7,8,9,10,11,12,13,14,15,16,17,18,19,20]]
   00:00:00:00:00:08    00:00:00:00:00:0e  [5[1,2,3,4,7,8,11,12,16,19], 7[1,2,3,4,5,6,7,8,9,10,11,12,15,16,19,20], 9[1,2,3,4,5,6,7,8,9,10,11,12,13,14,15,16,17,18,19,20], 11[1,2,3,4,5,6,7,8,9,10,11,12,13,14,15,16,17,18,19,20]]
   00:00:00:00:00:08    00:00:00:00:00:0f  [5[1,2,3,4,7,8,11,12,16,20], 7[1,2,3,4,5,6,7,8,9,10,11,12,15,16,19,20], 9[1,2,3,4,5,6,7,8,9,10,11,12,13,14,15,16,17,18,19,20], 11[1,2,3,4,5,6,7,8,9,10,11,12,13,14,15,16,17,18,19,20]]
   00:00:00:00:00:08    00:00:00:00:00:10  [5[1,2,3,4,7,8,11,12,16,20], 7[1,2,3,4,5,6,7,8,9,10,11,12,15,16,19,20], 9[1,2,3,4,5,6,7,8,9,10,11,12,13,14,15,16,17,18,19,20], 11[1,2,3,4,5,6,7,8,9,10,11,12,13,14,15,16,17,18,19,20]]
   00:00:00:00:00:09    00:00:00:00:00:01  [5[1,2,3,4,5,6,9,10,13,17], 7[1,2,3,4,5,6,7,8,9,10,11,12,13,14,17,18], 9[1,2,3,4,5,6,7,8,9,10,11,12,13,14,15,16,17,18,19,20], 11[1,2,3,4,5,6,7,8,9,10,11,12,13,14,15,16,17,18,19,20]]
   00:00:00:00:00:09    00:00:00:00:00:02  [5[1,2,3,4,5,6,9,10,13,17], 7[1,2,3,4,5,6,7,8,9,10,11,12,13,14,17,18], 9[1,2,3,4,5,6,7,8,9,10,11,12,13,14,15,16,17,18,19,20], 11[1,2,3,4,5,6,7,8,9,10,11,12,13,14,15,16,17,18,19,20]]
   00:00:00:00:00:09    00:00:00:00:00:03  [5[1,2,3,4,5,6,9,10,14,17], 7[1,2,3,4,5,6,7,8,9,10,11,12,13,14,17,18], 9[1,2,3,4,5,6,7,8,9,10,11,12,13,14,15,16,17,18,19,20], 11[1,2,3,4,5,6,7,8,9,10,11,12,13,14,15,16,17,18,19,20]]
   00:00:00:00:00:09    00:00:00:00:00:04  [5[1,2,3,4,5,6,9,10,14,17], 7[1,2,3,4,5,6,7,8,9,10,11,12,13,14,17,18], 9[1,2,3,4,5,6,7,8,9,10,11,12,13,14,15,16,17,18,19,20], 11[1,2,3,4,5,6,7,8,9,10,11,12,13,14,15,16,17,18,19,20]]
   00:00:00:00:00:09    00:00:00:00:00:05  [5[1,2,3,4,7,8,9,10,15,17], 7[1,2,3,4,5,6,7,8,9,10,11,12,15,16,17,18], 9[1,2,3,4,5,6,7,8,9,10,11,12,13,14,15,16,17,18,19,20], 11[1,2,3,4,5,6,7,8,9,10,11,12,13,14,15,16,17,18,19,20]]
   00:00:00:00:00:09    00:00:00:00:00:06  [5[1,2,3,4,7,8,9,10,15,17], 7[1,2,3,4,5,6,7,8,9,10,11,12,15,16,17,18], 9[1,2,3,4,5,6,7,8,9,10,11,12,13,14,15,16,17,18,19,20], 11[1,2,3,4,5,6,7,8,9,10,11,12,13,14,15,16,17,18,19,20]]
   00:00:00:00:00:09    00:00:00:00:00:07  [5[1,2,3,4,7,8,9,10,16,17], 7[1,2,3,4,5,6,7,8,9,10,11,12,15,16,17,18], 9[1,2,3,4,5,6,7,8,9,10,11,12,13,14,15,16,17,18,19,20], 11[1,2,3,4,5,6,7,8,9,10,11,12,13,14,15,16,17,18,19,20]]
   00:00:00:00:00:09    00:00:00:00:00:08  [5[1,2,3,4,7,8,9,10,16,17], 7[1,2,3,4,5,6,7,8,9,10,11,12,15,16,17,18], 9[1,2,3,4,5,6,7,8,9,10,11,12,13,14,15,16,17,18,19,20], 11[1,2,3,4,5,6,7,8,9,10,11,12,13,14,15,16,17,18,19,20]]
   00:00:00:00:00:09    00:00:00:00:00:0a  [1[17]]
   00:00:00:00:00:09    00:00:00:00:00:0b  [3[9,10,17,18], 9[1,2,3,4,5,6,7,8,9,10,11,12,13,14,15,16,17,18,19,20], 11[1,2,3,4,5,6,7,8,9,10,11,12,13,14,15,16,17,18,19,20]]
   00:00:00:00:00:09    00:00:00:00:00:0c  [3[9,10,17,18], 9[1,2,3,4,5,6,7,8,9,10,11,12,13,14,15,16,17,18,19,20], 11[1,2,3,4,5,6,7,8,9,10,11,12,13,14,15,16,17,18,19,20]]
   00:00:00:00:00:09    00:00:00:00:00:0d  [5[1,2,3,4,9,10,11,12,17,19], 7[1,2,3,4,5,6,7,8,9,10,11,12,17,18,19,20], 9[1,2,3,4,5,6,7,8,9,10,11,12,13,14,15,16,17,18,19,20], 11[1,2,3,4,5,6,7,8,9,10,11,12,13,14,15,16,17,18,19,20]]
   00:00:00:00:00:09    00:00:00:00:00:0e  [5[1,2,3,4,9,10,11,12,17,19], 7[1,2,3,4,5,6,7,8,9,10,11,12,17,18,19,20], 9[1,2,3,4,5,6,7,8,9,10,11,12,13,14,15,16,17,18,19,20], 11[1,2,3,4,5,6,7,8,9,10,11,12,13,14,15,16,17,18,19,20]]
   00:00:00:00:00:09    00:00:00:00:00:0f  [5[1,2,3,4,9,10,11,12,17,20], 7[1,2,3,4,5,6,7,8,9,10,11,12,17,18,19,20], 9[1,2,3,4,5,6,7,8,9,10,11,12,13,14,15,16,17,18,19,20], 11[1,2,3,4,5,6,7,8,9,10,11,12,13,14,15,16,17,18,19,20]]
   00:00:00:00:00:09    00:00:00:00:00:10  [5[1,2,3,4,9,10,11,12,17,20], 7[1,2,3,4,5,6,7,8,9,10,11,12,17,18,19,20], 9[1,2,3,4,5,6,7,8,9,10,11,12,13,14,15,16,17,18,19,20], 11[1,2,3,4,5,6,7,8,9,10,11,12,13,14,15,16,17,18,19,20]]
   00:00:00:00:00:0a    00:00:00:00:00:01  [5[1,2,3,4,5,6,9,10,13,17], 7[1,2,3,4,5,6,7,8,9,10,11,12,13,14,17,18], 9[1,2,3,4,5,6,7,8,9,10,11,12,13,14,15,16,17,18,19,20], 11[1,2,3,4,5,6,7,8,9,10,11,12,13,14,15,16,17,18,19,20]]
   00:00:00:00:00:0a    00:00:00:00:00:02  [5[1,2,3,4,5,6,9,10,13,17], 7[1,2,3,4,5,6,7,8,9,10,11,12,13,14,17,18], 9[1,2,3,4,5,6,7,8,9,10,11,12,13,14,15,16,17,18,19,20], 11[1,2,3,4,5,6,7,8,9,10,11,12,13,14,15,16,17,18,19,20]]
   00:00:00:00:00:0a    00:00:00:00:00:03  [5[1,2,3,4,5,6,9,10,14,17], 7[1,2,3,4,5,6,7,8,9,10,11,12,13,14,17,18], 9[1,2,3,4,5,6,7,8,9,10,11,12,13,14,15,16,17,18,19,20], 11[1,2,3,4,5,6,7,8,9,10,11,12,13,14,15,16,17,18,19,20]]
   00:00:00:00:00:0a    00:00:00:00:00:04  [5[1,2,3,4,5,6,9,10,14,17], 7[1,2,3,4,5,6,7,8,9,10,11,12,13,14,17,18], 9[1,2,3,4,5,6,7,8,9,10,11,12,13,14,15,16,17,18,19,20], 11[1,2,3,4,5,6,7,8,9,10,11,12,13,14,15,16,17,18,19,20]]
   00:00:00:00:00:0a    00:00:00:00:00:05  [5[1,2,3,4,7,8,9,10,15,17], 7[1,2,3,4,5,6,7,8,9,10,11,12,15,16,17,18], 9[1,2,3,4,5,6,7,8,9,10,11,12,13,14,15,16,17,18,19,20], 11[1,2,3,4,5,6,7,8,9,10,11,12,13,14,15,16,17,18,19,20]]
   00:00:00:00:00:0a    00:00:00:00:00:06  [5[1,2,3,4,7,8,9,10,15,17], 7[1,2,3,4,5,6,7,8,9,10,11,12,15,16,17,18], 9[1,2,3,4,5,6,7,8,9,10,11,12,13,14,15,16,17,18,19,20], 11[1,2,3,4,5,6,7,8,9,10,11,12,13,14,15,16,17,18,19,20]]
   00:00:00:00:00:0a    00:00:00:00:00:07  [5[1,2,3,4,7,8,9,10,16,17], 7[1,2,3,4,5,6,7,8,9,10,11,12,15,16,17,18], 9[1,2,3,4,5,6,7,8,9,10,11,12,13,14,15,16,17,18,19,20], 11[1,2,3,4,5,6,7,8,9,10,11,12,13,14,15,16,17,18,19,20]]
   00:00:00:00:00:0a    00:00:00:00:00:08  [5[1,2,3,4,7,8,9,10,16,17], 7[1,2,3,4,5,6,7,8,9,10,11,12,15,16,17,18], 9[1,2,3,4,5,6,7,8,9,10,11,12,13,14,15,16,17,18,19,20], 11[1,2,3,4,5,6,7,8,9,10,11,12,13,14,15,16,17,18,19,20]]
   00:00:00:00:00:0a    00:00:00:00:00:09  [1[17]]
   00:00:00:00:00:0a    00:00:00:00:00:0b  [3[9,10,17,18], 9[1,2,3,4,5,6,7,8,9,10,11,12,13,14,15,16,17,18,19,20], 11[1,2,3,4,5,6,7,8,9,10,11,12,13,14,15,16,17,18,19,20]]
   00:00:00:00:00:0a    00:00:00:00:00:0c  [3[9,10,17,18], 9[1,2,3,4,5,6,7,8,9,10,11,12,13,14,15,16,17,18,19,20], 11[1,2,3,4,5,6,7,8,9,10,11,12,13,14,15,16,17,18,19,20]]
   00:00:00:00:00:0a    00:00:00:00:00:0d  [5[1,2,3,4,9,10,11,12,17,19], 7[1,2,3,4,5,6,7,8,9,10,11,12,17,18,19,20], 9[1,2,3,4,5,6,7,8,9,10,11,12,13,14,15,16,17,18,19,20], 11[1,2,3,4,5,6,7,8,9,10,11,12,13,14,15,16,17,18,19,20]]
   00:00:00:00:00:0a    00:00:00:00:00:0e  [5[1,2,3,4,9,10,11,12,17,19], 7[1,2,3,4,5,6,7,8,9,10,11,12,17,18,19,20], 9[1,2,3,4,5,6,7,8,9,10,11,12,13,14,15,16,17,18,19,20], 11[1,2,3,4,5,6,7,8,9,10,11,12,13,14,15,16,17,18,19,20]]
   00:00:00:00:00:0a    00:00:00:00:00:0f  [5[1,2,3,4,9,10,11,12,17,20], 7[1,2,3,4,5,6,7,8,9,10,11,12,17,18,19,20], 9[1,2,3,4,5,6,7,8,9,10,11,12,13,14,15,16,17,18,19,20], 11[1,2,3,4,5,6,7,8,9,10,11,12,13,14,15,16,17,18,19,20]]
   00:00:00:00:00:0a    00:00:00:00:00:10  [5[1,2,3,4,9,10,11,12,17,20], 7[1,2,3,4,5,6,7,8,9,10,11,12,17,18,19,20], 9[1,2,3,4,5,6,7,8,9,10,11,12,13,14,15,16,17,18,19,20], 11[1,2,3,4,5,6,7,8,9,10,11,12,13,14,15,16,17,18,19,20]]
   00:00:00:00:00:0b    00:00:00:00:00:01  [5[1,2,3,4,5,6,9,10,13,18], 7[1,2,3,4,5,6,7,8,9,10,11,12,13,14,17,18], 9[1,2,3,4,5,6,7,8,9,10,11,12,13,14,15,16,17,18,19,20], 11[1,2,3,4,5,6,7,8,9,10,11,12,13,14,15,16,17,18,19,20]]
   00:00:00:00:00:0b    00:00:00:00:00:02  [5[1,2,3,4,5,6,9,10,13,18], 7[1,2,3,4,5,6,7,8,9,10,11,12,13,14,17,18], 9[1,2,3,4,5,6,7,8,9,10,11,12,13,14,15,16,17,18,19,20], 11[1,2,3,4,5,6,7,8,9,10,11,12,13,14,15,16,17,18,19,20]]
   00:00:00:00:00:0b    00:00:00:00:00:03  [5[1,2,3,4,5,6,9,10,14,18], 7[1,2,3,4,5,6,7,8,9,10,11,12,13,14,17,18], 9[1,2,3,4,5,6,7,8,9,10,11,12,13,14,15,16,17,18,19,20], 11[1,2,3,4,5,6,7,8,9,10,11,12,13,14,15,16,17,18,19,20]]
   00:00:00:00:00:0b    00:00:00:00:00:04  [5[1,2,3,4,5,6,9,10,14,18], 7[1,2,3,4,5,6,7,8,9,10,11,12,13,14,17,18], 9[1,2,3,4,5,6,7,8,9,10,11,12,13,14,15,16,17,18,19,20], 11[1,2,3,4,5,6,7,8,9,10,11,12,13,14,15,16,17,18,19,20]]
   00:00:00:00:00:0b    00:00:00:00:00:05  [5[1,2,3,4,7,8,9,10,15,18], 7[1,2,3,4,5,6,7,8,9,10,11,12,15,16,17,18], 9[1,2,3,4,5,6,7,8,9,10,11,12,13,14,15,16,17,18,19,20], 11[1,2,3,4,5,6,7,8,9,10,11,12,13,14,15,16,17,18,19,20]]
   00:00:00:00:00:0b    00:00:00:00:00:06  [5[1,2,3,4,7,8,9,10,15,18], 7[1,2,3,4,5,6,7,8,9,10,11,12,15,16,17,18], 9[1,2,3,4,5,6,7,8,9,10,11,12,13,14,15,16,17,18,19,20], 11[1,2,3,4,5,6,7,8,9,10,11,12,13,14,15,16,17,18,19,20]]
   00:00:00:00:00:0b    00:00:00:00:00:07  [5[1,2,3,4,7,8,9,10,16,18], 7[1,2,3,4,5,6,7,8,9,10,11,12,15,16,17,18], 9[1,2,3,4,5,6,7,8,9,10,11,12,13,14,15,16,17,18,19,20], 11[1,2,3,4,5,6,7,8,9,10,11,12,13,14,15,16,17,18,19,20]]
   00:00:00:00:00:0b    00:00:00:00:00:08  [5[1,2,3,4,7,8,9,10,16,18], 7[1,2,3,4,5,6,7,8,9,10,11,12,15,16,17,18], 9[1,2,3,4,5,6,7,8,9,10,11,12,13,14,15,16,17,18,19,20], 11[1,2,3,4,5,6,7,8,9,10,11,12,13,14,15,16,17,18,19,20]]
   00:00:00:00:00:0b    00:00:00:00:00:09  [3[9,10,17,18], 9[1,2,3,4,5,6,7,8,9,10,11,12,13,14,15,16,17,18,19,20], 11[1,2,3,4,5,6,7,8,9,10,11,12,13,14,15,16,17,18,19,20]]
   00:00:00:00:00:0b    00:00:00:00:00:0a  [3[9,10,17,18], 9[1,2,3,4,5,6,7,8,9,10,11,12,13,14,15,16,17,18,19,20], 11[1,2,3,4,5,6,7,8,9,10,11,12,13,14,15,16,17,18,19,20]]
   00:00:00:00:00:0b    00:00:00:00:00:0c  [1[18]]
   00:00:00:00:00:0b    00:00:00:00:00:0d  [5[1,2,3,4,9,10,11,12,18,19], 7[1,2,3,4,5,6,7,8,9,10,11,12,17,18,19,20], 9[1,2,3,4,5,6,7,8,9,10,11,12,13,14,15,16,17,18,19,20], 11[1,2,3,4,5,6,7,8,9,10,11,12,13,14,15,16,17,18,19,20]]
   00:00:00:00:00:0b    00:00:00:00:00:0e  [5[1,2,3,4,9,10,11,12,18,19], 7[1,2,3,4,5,6,7,8,9,10,11,12,17,18,19,20], 9[1,2,3,4,5,6,7,8,9,10,11,12,13,14,15,16,17,18,19,20], 11[1,2,3,4,5,6,7,8,9,10,11,12,13,14,15,16,17,18,19,20]]
   00:00:00:00:00:0b    00:00:00:00:00:0f  [5[1,2,3,4,9,10,11,12,18,20], 7[1,2,3,4,5,6,7,8,9,10,11,12,17,18,19,20], 9[1,2,3,4,5,6,7,8,9,10,11,12,13,14,15,16,17,18,19,20], 11[1,2,3,4,5,6,7,8,9,10,11,12,13,14,15,16,17,18,19,20]]
   00:00:00:00:00:0b    00:00:00:00:00:10  [5[1,2,3,4,9,10,11,12,18,20], 7[1,2,3,4,5,6,7,8,9,10,11,12,17,18,19,20], 9[1,2,3,4,5,6,7,8,9,10,11,12,13,14,15,16,17,18,19,20], 11[1,2,3,4,5,6,7,8,9,10,11,12,13,14,15,16,17,18,19,20]]
   00:00:00:00:00:0c    00:00:00:00:00:01  [5[1,2,3,4,5,6,9,10,13,18], 7[1,2,3,4,5,6,7,8,9,10,11,12,13,14,17,18], 9[1,2,3,4,5,6,7,8,9,10,11,12,13,14,15,16,17,18,19,20], 11[1,2,3,4,5,6,7,8,9,10,11,12,13,14,15,16,17,18,19,20]]
   00:00:00:00:00:0c    00:00:00:00:00:02  [5[1,2,3,4,5,6,9,10,13,18], 7[1,2,3,4,5,6,7,8,9,10,11,12,13,14,17,18], 9[1,2,3,4,5,6,7,8,9,10,11,12,13,14,15,16,17,18,19,20], 11[1,2,3,4,5,6,7,8,9,10,11,12,13,14,15,16,17,18,19,20]]
   00:00:00:00:00:0c    00:00:00:00:00:03  [5[1,2,3,4,5,6,9,10,14,18], 7[1,2,3,4,5,6,7,8,9,10,11,12,13,14,17,18], 9[1,2,3,4,5,6,7,8,9,10,11,12,13,14,15,16,17,18,19,20], 11[1,2,3,4,5,6,7,8,9,10,11,12,13,14,15,16,17,18,19,20]]
   00:00:00:00:00:0c    00:00:00:00:00:04  [5[1,2,3,4,5,6,9,10,14,18], 7[1,2,3,4,5,6,7,8,9,10,11,12,13,14,17,18], 9[1,2,3,4,5,6,7,8,9,10,11,12,13,14,15,16,17,18,19,20], 11[1,2,3,4,5,6,7,8,9,10,11,12,13,14,15,16,17,18,19,20]]
   00:00:00:00:00:0c    00:00:00:00:00:05  [5[1,2,3,4,7,8,9,10,15,18], 7[1,2,3,4,5,6,7,8,9,10,11,12,15,16,17,18], 9[1,2,3,4,5,6,7,8,9,10,11,12,13,14,15,16,17,18,19,20], 11[1,2,3,4,5,6,7,8,9,10,11,12,13,14,15,16,17,18,19,20]]
   00:00:00:00:00:0c    00:00:00:00:00:06  [5[1,2,3,4,7,8,9,10,15,18], 7[1,2,3,4,5,6,7,8,9,10,11,12,15,16,17,18], 9[1,2,3,4,5,6,7,8,9,10,11,12,13,14,15,16,17,18,19,20], 11[1,2,3,4,5,6,7,8,9,10,11,12,13,14,15,16,17,18,19,20]]
   00:00:00:00:00:0c    00:00:00:00:00:07  [5[1,2,3,4,7,8,9,10,16,18], 7[1,2,3,4,5,6,7,8,9,10,11,12,15,16,17,18], 9[1,2,3,4,5,6,7,8,9,10,11,12,13,14,15,16,17,18,19,20], 11[1,2,3,4,5,6,7,8,9,10,11,12,13,14,15,16,17,18,19,20]]
   00:00:00:00:00:0c    00:00:00:00:00:08  [5[1,2,3,4,7,8,9,10,16,18], 7[1,2,3,4,5,6,7,8,9,10,11,12,15,16,17,18], 9[1,2,3,4,5,6,7,8,9,10,11,12,13,14,15,16,17,18,19,20], 11[1,2,3,4,5,6,7,8,9,10,11,12,13,14,15,16,17,18,19,20]]
   00:00:00:00:00:0c    00:00:00:00:00:09  [3[9,10,17,18], 9[1,2,3,4,5,6,7,8,9,10,11,12,13,14,15,16,17,18,19,20], 11[1,2,3,4,5,6,7,8,9,10,11,12,13,14,15,16,17,18,19,20]]
   00:00:00:00:00:0c    00:00:00:00:00:0a  [3[9,10,17,18], 9[1,2,3,4,5,6,7,8,9,10,11,12,13,14,15,16,17,18,19,20], 11[1,2,3,4,5,6,7,8,9,10,11,12,13,14,15,16,17,18,19,20]]
   00:00:00:00:00:0c    00:00:00:00:00:0b  [1[18]]
   00:00:00:00:00:0c    00:00:00:00:00:0d  [5[1,2,3,4,9,10,11,12,18,19], 7[1,2,3,4,5,6,7,8,9,10,11,12,17,18,19,20], 9[1,2,3,4,5,6,7,8,9,10,11,12,13,14,15,16,17,18,19,20], 11[1,2,3,4,5,6,7,8,9,10,11,12,13,14,15,16,17,18,19,20]]
   00:00:00:00:00:0c    00:00:00:00:00:0e  [5[1,2,3,4,9,10,11,12,18,19], 7[1,2,3,4,5,6,7,8,9,10,11,12,17,18,19,20], 9[1,2,3,4,5,6,7,8,9,10,11,12,13,14,15,16,17,18,19,20], 11[1,2,3,4,5,6,7,8,9,10,11,12,13,14,15,16,17,18,19,20]]
   00:00:00:00:00:0c    00:00:00:00:00:0f  [5[1,2,3,4,9,10,11,12,18,20], 7[1,2,3,4,5,6,7,8,9,10,11,12,17,18,19,20], 9[1,2,3,4,5,6,7,8,9,10,11,12,13,14,15,16,17,18,19,20], 11[1,2,3,4,5,6,7,8,9,10,11,12,13,14,15,16,17,18,19,20]]
   00:00:00:00:00:0c    00:00:00:00:00:10  [5[1,2,3,4,9,10,11,12,18,20], 7[1,2,3,4,5,6,7,8,9,10,11,12,17,18,19,20], 9[1,2,3,4,5,6,7,8,9,10,11,12,13,14,15,16,17,18,19,20], 11[1,2,3,4,5,6,7,8,9,10,11,12,13,14,15,16,17,18,19,20]]
   00:00:00:00:00:0d    00:00:00:00:00:01  [5[1,2,3,4,5,6,11,12,13,19], 7[1,2,3,4,5,6,7,8,9,10,11,12,13,14,19,20], 9[1,2,3,4,5,6,7,8,9,10,11,12,13,14,15,16,17,18,19,20], 11[1,2,3,4,5,6,7,8,9,10,11,12,13,14,15,16,17,18,19,20]]
   00:00:00:00:00:0d    00:00:00:00:00:02  [5[1,2,3,4,5,6,11,12,13,19], 7[1,2,3,4,5,6,7,8,9,10,11,12,13,14,19,20], 9[1,2,3,4,5,6,7,8,9,10,11,12,13,14,15,16,17,18,19,20], 11[1,2,3,4,5,6,7,8,9,10,11,12,13,14,15,16,17,18,19,20]]
   00:00:00:00:00:0d    00:00:00:00:00:03  [5[1,2,3,4,5,6,11,12,14,19], 7[1,2,3,4,5,6,7,8,9,10,11,12,13,14,19,20], 9[1,2,3,4,5,6,7,8,9,10,11,12,13,14,15,16,17,18,19,20], 11[1,2,3,4,5,6,7,8,9,10,11,12,13,14,15,16,17,18,19,20]]
   00:00:00:00:00:0d    00:00:00:00:00:04  [5[1,2,3,4,5,6,11,12,14,19], 7[1,2,3,4,5,6,7,8,9,10,11,12,13,14,19,20], 9[1,2,3,4,5,6,7,8,9,10,11,12,13,14,15,16,17,18,19,20], 11[1,2,3,4,5,6,7,8,9,10,11,12,13,14,15,16,17,18,19,20]]
   00:00:00:00:00:0d    00:00:00:00:00:05  [5[1,2,3,4,7,8,11,12,15,19], 7[1,2,3,4,5,6,7,8,9,10,11,12,15,16,19,20], 9[1,2,3,4,5,6,7,8,9,10,11,12,13,14,15,16,17,18,19,20], 11[1,2,3,4,5,6,7,8,9,10,11,12,13,14,15,16,17,18,19,20]]
   00:00:00:00:00:0d    00:00:00:00:00:06  [5[1,2,3,4,7,8,11,12,15,19], 7[1,2,3,4,5,6,7,8,9,10,11,12,15,16,19,20], 9[1,2,3,4,5,6,7,8,9,10,11,12,13,14,15,16,17,18,19,20], 11[1,2,3,4,5,6,7,8,9,10,11,12,13,14,15,16,17,18,19,20]]
   00:00:00:00:00:0d    00:00:00:00:00:07  [5[1,2,3,4,7,8,11,12,16,19], 7[1,2,3,4,5,6,7,8,9,10,11,12,15,16,19,20], 9[1,2,3,4,5,6,7,8,9,10,11,12,13,14,15,16,17,18,19,20], 11[1,2,3,4,5,6,7,8,9,10,11,12,13,14,15,16,17,18,19,20]]
   00:00:00:00:00:0d    00:00:00:00:00:08  [5[1,2,3,4,7,8,11,12,16,19], 7[1,2,3,4,5,6,7,8,9,10,11,12,15,16,19,20], 9[1,2,3,4,5,6,7,8,9,10,11,12,13,14,15,16,17,18,19,20], 11[1,2,3,4,5,6,7,8,9,10,11,12,13,14,15,16,17,18,19,20]]
   00:00:00:00:00:0d    00:00:00:00:00:09  [5[1,2,3,4,9,10,11,12,17,19], 7[1,2,3,4,5,6,7,8,9,10,11,12,17,18,19,20], 9[1,2,3,4,5,6,7,8,9,10,11,12,13,14,15,16,17,18,19,20], 11[1,2,3,4,5,6,7,8,9,10,11,12,13,14,15,16,17,18,19,20]]
   00:00:00:00:00:0d    00:00:00:00:00:0a  [5[1,2,3,4,9,10,11,12,17,19], 7[1,2,3,4,5,6,7,8,9,10,11,12,17,18,19,20], 9[1,2,3,4,5,6,7,8,9,10,11,12,13,14,15,16,17,18,19,20], 11[1,2,3,4,5,6,7,8,9,10,11,12,13,14,15,16,17,18,19,20]]
   00:00:00:00:00:0d    00:00:00:00:00:0b  [5[1,2,3,4,9,10,11,12,18,19], 7[1,2,3,4,5,6,7,8,9,10,11,12,17,18,19,20], 9[1,2,3,4,5,6,7,8,9,10,11,12,13,14,15,16,17,18,19,20], 11[1,2,3,4,5,6,7,8,9,10,11,12,13,14,15,16,17,18,19,20]]
   00:00:00:00:00:0d    00:00:00:00:00:0c  [5[1,2,3,4,9,10,11,12,18,19], 7[1,2,3,4,5,6,7,8,9,10,11,12,17,18,19,20], 9[1,2,3,4,5,6,7,8,9,10,11,12,13,14,15,16,17,18,19,20], 11[1,2,3,4,5,6,7,8,9,10,11,12,13,14,15,16,17,18,19,20]]
   00:00:00:00:00:0d    00:00:00:00:00:0e  [1[19]]
   00:00:00:00:00:0d    00:00:00:00:00:0f  [3[11,12,19,20], 9[1,2,3,4,5,6,7,8,9,10,11,12,13,14,15,16,17,18,19,20], 11[1,2,3,4,5,6,7,8,9,10,11,12,13,14,15,16,17,18,19,20]]
   00:00:00:00:00:0d    00:00:00:00:00:10  [3[11,12,19,20], 9[1,2,3,4,5,6,7,8,9,10,11,12,13,14,15,16,17,18,19,20], 11[1,2,3,4,5,6,7,8,9,10,11,12,13,14,15,16,17,18,19,20]]
   00:00:00:00:00:0e    00:00:00:00:00:01  [5[1,2,3,4,5,6,11,12,13,19], 7[1,2,3,4,5,6,7,8,9,10,11,12,13,14,19,20], 9[1,2,3,4,5,6,7,8,9,10,11,12,13,14,15,16,17,18,19,20], 11[1,2,3,4,5,6,7,8,9,10,11,12,13,14,15,16,17,18,19,20]]
   00:00:00:00:00:0e    00:00:00:00:00:02  [5[1,2,3,4,5,6,11,12,13,19], 7[1,2,3,4,5,6,7,8,9,10,11,12,13,14,19,20], 9[1,2,3,4,5,6,7,8,9,10,11,12,13,14,15,16,17,18,19,20], 11[1,2,3,4,5,6,7,8,9,10,11,12,13,14,15,16,17,18,19,20]]
   00:00:00:00:00:0e    00:00:00:00:00:03  [5[1,2,3,4,5,6,11,12,14,19], 7[1,2,3,4,5,6,7,8,9,10,11,12,13,14,19,20], 9[1,2,3,4,5,6,7,8,9,10,11,12,13,14,15,16,17,18,19,20], 11[1,2,3,4,5,6,7,8,9,10,11,12,13,14,15,16,17,18,19,20]]
   00:00:00:00:00:0e    00:00:00:00:00:04  [5[1,2,3,4,5,6,11,12,14,19], 7[1,2,3,4,5,6,7,8,9,10,11,12,13,14,19,20], 9[1,2,3,4,5,6,7,8,9,10,11,12,13,14,15,16,17,18,19,20], 11[1,2,3,4,5,6,7,8,9,10,11,12,13,14,15,16,17,18,19,20]]
   00:00:00:00:00:0e    00:00:00:00:00:05  [5[1,2,3,4,7,8,11,12,15,19], 7[1,2,3,4,5,6,7,8,9,10,11,12,15,16,19,20], 9[1,2,3,4,5,6,7,8,9,10,11,12,13,14,15,16,17,18,19,20], 11[1,2,3,4,5,6,7,8,9,10,11,12,13,14,15,16,17,18,19,20]]
   00:00:00:00:00:0e    00:00:00:00:00:06  [5[1,2,3,4,7,8,11,12,15,19], 7[1,2,3,4,5,6,7,8,9,10,11,12,15,16,19,20], 9[1,2,3,4,5,6,7,8,9,10,11,12,13,14,15,16,17,18,19,20], 11[1,2,3,4,5,6,7,8,9,10,11,12,13,14,15,16,17,18,19,20]]
   00:00:00:00:00:0e    00:00:00:00:00:07  [5[1,2,3,4,7,8,11,12,16,19], 7[1,2,3,4,5,6,7,8,9,10,11,12,15,16,19,20], 9[1,2,3,4,5,6,7,8,9,10,11,12,13,14,15,16,17,18,19,20], 11[1,2,3,4,5,6,7,8,9,10,11,12,13,14,15,16,17,18,19,20]]
   00:00:00:00:00:0e    00:00:00:00:00:08  [5[1,2,3,4,7,8,11,12,16,19], 7[1,2,3,4,5,6,7,8,9,10,11,12,15,16,19,20], 9[1,2,3,4,5,6,7,8,9,10,11,12,13,14,15,16,17,18,19,20], 11[1,2,3,4,5,6,7,8,9,10,11,12,13,14,15,16,17,18,19,20]]
   00:00:00:00:00:0e    00:00:00:00:00:09  [5[1,2,3,4,9,10,11,12,17,19], 7[1,2,3,4,5,6,7,8,9,10,11,12,17,18,19,20], 9[1,2,3,4,5,6,7,8,9,10,11,12,13,14,15,16,17,18,19,20], 11[1,2,3,4,5,6,7,8,9,10,11,12,13,14,15,16,17,18,19,20]]
   00:00:00:00:00:0e    00:00:00:00:00:0a  [5[1,2,3,4,9,10,11,12,17,19], 7[1,2,3,4,5,6,7,8,9,10,11,12,17,18,19,20], 9[1,2,3,4,5,6,7,8,9,10,11,12,13,14,15,16,17,18,19,20], 11[1,2,3,4,5,6,7,8,9,10,11,12,13,14,15,16,17,18,19,20]]
   00:00:00:00:00:0e    00:00:00:00:00:0b  [5[1,2,3,4,9,10,11,12,18,19], 7[1,2,3,4,5,6,7,8,9,10,11,12,17,18,19,20], 9[1,2,3,4,5,6,7,8,9,10,11,12,13,14,15,16,17,18,19,20], 11[1,2,3,4,5,6,7,8,9,10,11,12,13,14,15,16,17,18,19,20]]
   00:00:00:00:00:0e    00:00:00:00:00:0c  [5[1,2,3,4,9,10,11,12,18,19], 7[1,2,3,4,5,6,7,8,9,10,11,12,17,18,19,20], 9[1,2,3,4,5,6,7,8,9,10,11,12,13,14,15,16,17,18,19,20], 11[1,2,3,4,5,6,7,8,9,10,11,12,13,14,15,16,17,18,19,20]]
   00:00:00:00:00:0e    00:00:00:00:00:0d  [1[19]]
   00:00:00:00:00:0e    00:00:00:00:00:0f  [3[11,12,19,20], 9[1,2,3,4,5,6,7,8,9,10,11,12,13,14,15,16,17,18,19,20], 11[1,2,3,4,5,6,7,8,9,10,11,12,13,14,15,16,17,18,19,20]]
   00:00:00:00:00:0e    00:00:00:00:00:10  [3[11,12,19,20], 9[1,2,3,4,5,6,7,8,9,10,11,12,13,14,15,16,17,18,19,20], 11[1,2,3,4,5,6,7,8,9,10,11,12,13,14,15,16,17,18,19,20]]
   00:00:00:00:00:0f    00:00:00:00:00:01  [5[1,2,3,4,5,6,11,12,13,20], 7[1,2,3,4,5,6,7,8,9,10,11,12,13,14,19,20], 9[1,2,3,4,5,6,7,8,9,10,11,12,13,14,15,16,17,18,19,20], 11[1,2,3,4,5,6,7,8,9,10,11,12,13,14,15,16,17,18,19,20]]
   00:00:00:00:00:0f    00:00:00:00:00:02  [5[1,2,3,4,5,6,11,12,13,20], 7[1,2,3,4,5,6,7,8,9,10,11,12,13,14,19,20], 9[1,2,3,4,5,6,7,8,9,10,11,12,13,14,15,16,17,18,19,20], 11[1,2,3,4,5,6,7,8,9,10,11,12,13,14,15,16,17,18,19,20]]
   00:00:00:00:00:0f    00:00:00:00:00:03  [5[1,2,3,4,5,6,11,12,14,20], 7[1,2,3,4,5,6,7,8,9,10,11,12,13,14,19,20], 9[1,2,3,4,5,6,7,8,9,10,11,12,13,14,15,16,17,18,19,20], 11[1,2,3,4,5,6,7,8,9,10,11,12,13,14,15,16,17,18,19,20]]
   00:00:00:00:00:0f    00:00:00:00:00:04  [5[1,2,3,4,5,6,11,12,14,20], 7[1,2,3,4,5,6,7,8,9,10,11,12,13,14,19,20], 9[1,2,3,4,5,6,7,8,9,10,11,12,13,14,15,16,17,18,19,20], 11[1,2,3,4,5,6,7,8,9,10,11,12,13,14,15,16,17,18,19,20]]
   00:00:00:00:00:0f    00:00:00:00:00:05  [5[1,2,3,4,7,8,11,12,15,20], 7[1,2,3,4,5,6,7,8,9,10,11,12,15,16,19,20], 9[1,2,3,4,5,6,7,8,9,10,11,12,13,14,15,16,17,18,19,20], 11[1,2,3,4,5,6,7,8,9,10,11,12,13,14,15,16,17,18,19,20]]
   00:00:00:00:00:0f    00:00:00:00:00:06  [5[1,2,3,4,7,8,11,12,15,20], 7[1,2,3,4,5,6,7,8,9,10,11,12,15,16,19,20], 9[1,2,3,4,5,6,7,8,9,10,11,12,13,14,15,16,17,18,19,20], 11[1,2,3,4,5,6,7,8,9,10,11,12,13,14,15,16,17,18,19,20]]
   00:00:00:00:00:0f    00:00:00:00:00:07  [5[1,2,3,4,7,8,11,12,16,20], 7[1,2,3,4,5,6,7,8,9,10,11,12,15,16,19,20], 9[1,2,3,4,5,6,7,8,9,10,11,12,13,14,15,16,17,18,19,20], 11[1,2,3,4,5,6,7,8,9,10,11,12,13,14,15,16,17,18,19,20]]
   00:00:00:00:00:0f    00:00:00:00:00:08  [5[1,2,3,4,7,8,11,12,16,20], 7[1,2,3,4,5,6,7,8,9,10,11,12,15,16,19,20], 9[1,2,3,4,5,6,7,8,9,10,11,12,13,14,15,16,17,18,19,20], 11[1,2,3,4,5,6,7,8,9,10,11,12,13,14,15,16,17,18,19,20]]
   00:00:00:00:00:0f    00:00:00:00:00:09  [5[1,2,3,4,9,10,11,12,17,20], 7[1,2,3,4,5,6,7,8,9,10,11,12,17,18,19,20], 9[1,2,3,4,5,6,7,8,9,10,11,12,13,14,15,16,17,18,19,20], 11[1,2,3,4,5,6,7,8,9,10,11,12,13,14,15,16,17,18,19,20]]
   00:00:00:00:00:0f    00:00:00:00:00:0a  [5[1,2,3,4,9,10,11,12,17,20], 7[1,2,3,4,5,6,7,8,9,10,11,12,17,18,19,20], 9[1,2,3,4,5,6,7,8,9,10,11,12,13,14,15,16,17,18,19,20], 11[1,2,3,4,5,6,7,8,9,10,11,12,13,14,15,16,17,18,19,20]]
   00:00:00:00:00:0f    00:00:00:00:00:0b  [5[1,2,3,4,9,10,11,12,18,20], 7[1,2,3,4,5,6,7,8,9,10,11,12,17,18,19,20], 9[1,2,3,4,5,6,7,8,9,10,11,12,13,14,15,16,17,18,19,20], 11[1,2,3,4,5,6,7,8,9,10,11,12,13,14,15,16,17,18,19,20]]
   00:00:00:00:00:0f    00:00:00:00:00:0c  [5[1,2,3,4,9,10,11,12,18,20], 7[1,2,3,4,5,6,7,8,9,10,11,12,17,18,19,20], 9[1,2,3,4,5,6,7,8,9,10,11,12,13,14,15,16,17,18,19,20], 11[1,2,3,4,5,6,7,8,9,10,11,12,13,14,15,16,17,18,19,20]]
   00:00:00:00:00:0f    00:00:00:00:00:0d  [3[11,12,19,20], 9[1,2,3,4,5,6,7,8,9,10,11,12,13,14,15,16,17,18,19,20], 11[1,2,3,4,5,6,7,8,9,10,11,12,13,14,15,16,17,18,19,20]]
   00:00:00:00:00:0f    00:00:00:00:00:0e  [3[11,12,19,20], 9[1,2,3,4,5,6,7,8,9,10,11,12,13,14,15,16,17,18,19,20], 11[1,2,3,4,5,6,7,8,9,10,11,12,13,14,15,16,17,18,19,20]]
   00:00:00:00:00:0f    00:00:00:00:00:10  [1[20]]
   00:00:00:00:00:10    00:00:00:00:00:01  [5[1,2,3,4,5,6,11,12,13,20], 7[1,2,3,4,5,6,7,8,9,10,11,12,13,14,19,20], 9[1,2,3,4,5,6,7,8,9,10,11,12,13,14,15,16,17,18,19,20], 11[1,2,3,4,5,6,7,8,9,10,11,12,13,14,15,16,17,18,19,20]]
   00:00:00:00:00:10    00:00:00:00:00:02  [5[1,2,3,4,5,6,11,12,13,20], 7[1,2,3,4,5,6,7,8,9,10,11,12,13,14,19,20], 9[1,2,3,4,5,6,7,8,9,10,11,12,13,14,15,16,17,18,19,20], 11[1,2,3,4,5,6,7,8,9,10,11,12,13,14,15,16,17,18,19,20]]
   00:00:00:00:00:10    00:00:00:00:00:03  [5[1,2,3,4,5,6,11,12,14,20], 7[1,2,3,4,5,6,7,8,9,10,11,12,13,14,19,20], 9[1,2,3,4,5,6,7,8,9,10,11,12,13,14,15,16,17,18,19,20], 11[1,2,3,4,5,6,7,8,9,10,11,12,13,14,15,16,17,18,19,20]]
   00:00:00:00:00:10    00:00:00:00:00:04  [5[1,2,3,4,5,6,11,12,14,20], 7[1,2,3,4,5,6,7,8,9,10,11,12,13,14,19,20], 9[1,2,3,4,5,6,7,8,9,10,11,12,13,14,15,16,17,18,19,20], 11[1,2,3,4,5,6,7,8,9,10,11,12,13,14,15,16,17,18,19,20]]
   00:00:00:00:00:10    00:00:00:00:00:05  [5[1,2,3,4,7,8,11,12,15,20], 7[1,2,3,4,5,6,7,8,9,10,11,12,15,16,19,20], 9[1,2,3,4,5,6,7,8,9,10,11,12,13,14,15,16,17,18,19,20], 11[1,2,3,4,5,6,7,8,9,10,11,12,13,14,15,16,17,18,19,20]]
   00:00:00:00:00:10    00:00:00:00:00:06  [5[1,2,3,4,7,8,11,12,15,20], 7[1,2,3,4,5,6,7,8,9,10,11,12,15,16,19,20], 9[1,2,3,4,5,6,7,8,9,10,11,12,13,14,15,16,17,18,19,20], 11[1,2,3,4,5,6,7,8,9,10,11,12,13,14,15,16,17,18,19,20]]
   00:00:00:00:00:10    00:00:00:00:00:07  [5[1,2,3,4,7,8,11,12,16,20], 7[1,2,3,4,5,6,7,8,9,10,11,12,15,16,19,20], 9[1,2,3,4,5,6,7,8,9,10,11,12,13,14,15,16,17,18,19,20], 11[1,2,3,4,5,6,7,8,9,10,11,12,13,14,15,16,17,18,19,20]]
   00:00:00:00:00:10    00:00:00:00:00:08  [5[1,2,3,4,7,8,11,12,16,20], 7[1,2,3,4,5,6,7,8,9,10,11,12,15,16,19,20], 9[1,2,3,4,5,6,7,8,9,10,11,12,13,14,15,16,17,18,19,20], 11[1,2,3,4,5,6,7,8,9,10,11,12,13,14,15,16,17,18,19,20]]
   00:00:00:00:00:10    00:00:00:00:00:09  [5[1,2,3,4,9,10,11,12,17,20], 7[1,2,3,4,5,6,7,8,9,10,11,12,17,18,19,20], 9[1,2,3,4,5,6,7,8,9,10,11,12,13,14,15,16,17,18,19,20], 11[1,2,3,4,5,6,7,8,9,10,11,12,13,14,15,16,17,18,19,20]]
   00:00:00:00:00:10    00:00:00:00:00:0a  [5[1,2,3,4,9,10,11,12,17,20], 7[1,2,3,4,5,6,7,8,9,10,11,12,17,18,19,20], 9[1,2,3,4,5,6,7,8,9,10,11,12,13,14,15,16,17,18,19,20], 11[1,2,3,4,5,6,7,8,9,10,11,12,13,14,15,16,17,18,19,20]]
   00:00:00:00:00:10    00:00:00:00:00:0b  [5[1,2,3,4,9,10,11,12,18,20], 7[1,2,3,4,5,6,7,8,9,10,11,12,17,18,19,20], 9[1,2,3,4,5,6,7,8,9,10,11,12,13,14,15,16,17,18,19,20], 11[1,2,3,4,5,6,7,8,9,10,11,12,13,14,15,16,17,18,19,20]]
   00:00:00:00:00:10    00:00:00:00:00:0c  [5[1,2,3,4,9,10,11,12,18,20], 7[1,2,3,4,5,6,7,8,9,10,11,12,17,18,19,20], 9[1,2,3,4,5,6,7,8,9,10,11,12,13,14,15,16,17,18,19,20], 11[1,2,3,4,5,6,7,8,9,10,11,12,13,14,15,16,17,18,19,20]]
   00:00:00:00:00:10    00:00:00:00:00:0d  [3[11,12,19,20], 9[1,2,3,4,5,6,7,8,9,10,11,12,13,14,15,16,17,18,19,20], 11[1,2,3,4,5,6,7,8,9,10,11,12,13,14,15,16,17,18,19,20]]
   00:00:00:00:00:10    00:00:00:00:00:0e  [3[11,12,19,20], 9[1,2,3,4,5,6,7,8,9,10,11,12,13,14,15,16,17,18,19,20], 11[1,2,3,4,5,6,7,8,9,10,11,12,13,14,15,16,17,18,19,20]]
   00:00:00:00:00:10    00:00:00:00:00:0f  [1[20]]
