# K-Shortest Paths Distribution
# Format: src_host dst_host  hop[switches] ...
# ==================================================================

   00:00:00:00:00:01    00:00:00:00:00:02  [2[1,2], 4[1,2,7,8], 6[1,2,3,7,8,9,13,14], 8[1,2,3,4,7,8,9,10,13,14,15,19,20], 10[1,2,3,4,5,7,8,9,10,11,13,14,15,16,19,20,21,25,26], 12[1,2,3,4,5,6,7,8,9,10,11,12,13,14,15,16,17,19,20,21,22,25,26,27,31,32], 14[1,2,3,4,5,6,7,8,9,10,11,12,13,14,15,16,17,18,19,20,21,22,23,25,26,27,28,32,33]]
   00:00:00:00:00:01    00:00:00:00:00:03  [3[1,2,3], 5[1,2,3,7,8,9], 7[1,2,3,4,7,8,9,10,13,14,15], 9[1,2,3,4,5,7,8,9,10,11,13,14,15,16,19,20,21], 11[1,2,3,4,5,6,7,8,9,10,11,12,13,14,15,16,17,19,20,21,22,25,26,27], 13[1,2,3,4,5,6,7,8,9,10,11,12,13,14,15,16,17,18,19,20,21,22,23,25,26,27,28]]
   00:00:00:00:00:01    00:00:00:00:00:04  [4[1,2,3,4], 6[1,2,3,4,7,8,9,10], 8[1,2,3,4,5,7,8,9,10,11,13,14,15,16], 10[1,2,3,4,5,6,7,8,9,10,11,12,13,14,15,16,17,19,20,21,22], 12[1,2,3,4,5,6,7,8,9,10,11,12,13,14,15,16,17,18,19,20,21,22,23,26,27,28]]
   00:00:00:00:00:01    00:00:00:00:00:05  [5[1,2,3,4,5], 7[1,2,3,4,5,7,8,9,10,11], 9[1,2,3,4,5,6,7,8,9,10,11,12,13,14,15,16,17], 11[1,2,3,4,5,6,7,8,9,10,11,12,13,14,15,16,17,18,20,21,22,23]]
   00:00:00:00:00:01    00:00:00:00:00:06  [6[1,2,3,4,5,6], 8[1,2,3,4,5,6,7,8,9,10,11,12], 10[1,2,3,4,5,6,7,8,9,10,11,12,13,14,15,16,17,18], 12[1,2,3,4,5,6,7,8,9,10,11,12,13,14,15,16,17,18,21,22,23,24]]
   00:00:00:00:00:01    00:00:00:00:00:07  [7[1,2,3,4,5,6,7,8,9,10,11,12], 9[1,2,3,4,5,6,7,8,9,10,11,12,13,14,15,16,17,18], 11[1,2,3,4,5,6,7,8,9,10,11,12,13,14,15,16,17,18,20,21,22,23,24]]
   00:00:00:00:00:01    00:00:00:00:00:08  [8[1,2,3,4,5,6,7,8,9,10,11,12,13,14,15,16,17,18], 10[1,2,3,4,5,6,7,8,9,10,11,12,13,14,15,16,17,18,19,20,21,22,23,24], 12[1,2,3,4,5,6,7,8,9,10,11,12,13,14,15,16,17,18,21,22,23,24,28,29,30]]
   00:00:00:00:00:01    00:00:00:00:00:09  [9[1,2,3,4,5,6,7,8,9,10,11,12,13,14,15,16,17,18,19,20,21,22,23,24], 11[1,2,3,4,5,6,7,8,9,10,11,12,13,14,15,16,17,18,19,20,21,22,23,24,27,28,29,30]]
   00:00:00:00:00:01    00:00:00:00:00:0a  [10[1,2,3,4,5,6,7,8,9,10,11,12,13,14,15,16,17,18,19,20,21,22,23,24,25,26,27,28,29,30], 12[1,2,3,4,5,6,8,9,10,11,12,14,15,16,17,18,20,21,22,23,24,26,27,28,29,30,34,35,36]]
   00:00:00:00:00:01    00:00:00:00:00:0b  [11[1,2,3,4,5,6,7,8,9,10,11,12,13,14,15,16,17,18,20,21,22,23,24,26,27,28,29,30,32,33,34,35,36]]
   00:00:00:00:00:01    00:00:00:00:00:0c  [10[1,2,3,4,5,7,8,9,10,11,13,14,15,16,17,19,20,21,22,23,25,26,27,28,29,31,32,33,34,35], 12[1,2,3,4,5,6,9,10,11,12,15,16,17,18,21,22,23,24,27,28,29,30,33,34,35,36]]
   00:00:00:00:00:01    00:00:00:00:00:0d  [9[1,2,3,4,7,8,9,10,13,14,15,16,19,20,21,22,25,26,27,28,31,32,33,34], 11[1,2,3,4,5,7,8,9,10,11,13,14,15,16,17,19,20,21,22,23,25,26,27,28,29,31,32,33,34,35]]
   00:00:00:00:00:01    00:00:00:00:00:0e  [8[1,2,3,7,8,9,13,14,15,19,20,21,25,26,27,31,32,33], 10[1,2,3,4,7,8,9,10,13,14,15,16,19,20,21,22,25,26,27,28,31,32,33,34], 12[1,2,3,4,5,8,9,10,11,14,15,16,17,20,21,22,23,26,27,28,29,32,33,34,35]]
   00:00:00:00:00:01    00:00:00:00:00:0f  [7[1,2,7,8,13,14,19,20,25,26,31,32], 9[1,2,3,7,8,9,13,14,15,19,20,21,25,26,27,31,32,33], 11[1,2,3,4,7,8,9,10,13,14,15,16,19,20,21,22,25,26,27,28,31,32,33,34]]
   00:00:00:00:00:01    00:00:00:00:00:10  [6[1,7,13,19,25,31], 8[1,2,7,8,13,14,19,20,25,26,31,32], 10[1,2,3,7,8,9,13,14,15,19,20,21,25,26,27,31,32,33], 12[1,2,3,4,7,8,9,10,13,14,15,16,19,20,21,22,25,26,27,28,31,32,33,34]]
   00:00:00:00:00:01    00:00:00:00:00:11  [5[1,7,13,19,25], 7[1,2,7,8,13,14,19,20,25,26], 9[1,2,3,7,8,9,13,14,15,19,20,21,25,26,27,31,32], 11[1,2,3,4,7,8,9,10,13,14,15,16,19,20,21,22,25,26,27,28,31,32,33]]
   00:00:00:00:00:01    00:00:00:00:00:12  [4[1,7,13,19], 6[1,2,7,8,13,14,19,20], 8[1,2,3,7,8,9,13,14,15,19,20,21,25,26], 10[1,2,3,4,7,8,9,10,13,14,15,16,19,20,21,22,25,26,27,31,32], 12[1,2,3,4,5,7,8,9,10,11,13,14,15,16,17,19,20,21,22,23,25,26,27,28,31,32,33]]
   00:00:00:00:00:01    00:00:00:00:00:13  [3[1,7,13], 5[1,2,7,8,13,14], 7[1,2,3,7,8,9,13,14,15,19,20], 9[1,2,3,4,7,8,9,10,13,14,15,16,19,20,21,25,26], 11[1,2,3,4,5,7,8,9,10,11,13,14,15,16,17,19,20,21,22,25,26,27,31,32], 13[1,2,3,4,5,6,7,8,9,10,11,12,13,14,15,16,17,18,19,20,21,22,23,25,26,27]]
   00:00:00:00:00:01    00:00:00:00:00:14  [2[1,7], 4[1,2,7,8], 6[1,2,3,7,8,9,13,14], 8[1,2,3,4,7,8,9,10,13,14,15,19,20], 10[1,2,3,4,5,7,8,9,10,11,13,14,15,16,19,20,21,25,26], 12[1,2,3,4,5,6,7,8,9,10,11,12,13,14,15,16,17,19,20,21,22,25,26,27,31,32], 14[1,2,3,4,5,6,7,8,9,10,11,12,13,14,15,16,17,18,19,20,21,22,23,25,26,27]]
   00:00:00:00:00:02    00:00:00:00:00:01  [2[1,2], 4[1,2,7,8], 6[1,2,3,7,8,9,13,14], 8[1,2,3,4,7,8,9,10,13,14,15,19,20], 10[1,2,3,4,5,7,8,9,10,11,13,14,15,16,19,20,21,25,26], 12[1,2,3,4,5,6,7,8,9,10,11,12,13,14,15,16,17,19,20,21,22,25,26,27,31,32], 14[1,2,3,4,5,6,7,8,9,10,11,12,13,14,15,16,17,18,19,20,21,22,23,25,26,27]]
   00:00:00:00:00:02    00:00:00:00:00:03  [2[2,3], 4[2,3,8,9], 6[1,2,3,4,7,8,9,10,14,15], 8[1,2,3,4,5,7,8,9,10,11,13,14,15,16,20,21], 10[1,2,3,4,5,6,7,8,9,10,11,12,13,14,15,16,17,19,20,21,22,26,27], 12[1,2,3,4,5,6,7,8,9,10,11,12,13,14,15,16,17,18,19,20,21,22,23,25,26,27,28]]
   00:00:00:00:00:02    00:00:00:00:00:04  [3[2,3,4], 5[2,3,4,8,9,10], 7[1,2,3,4,5,7,8,9,10,11,14,15,16], 9[1,2,3,4,5,6,7,8,9,10,11,12,13,14,15,16,17,20,21,22], 11[1,2,3,4,5,6,7,8,9,10,11,12,13,14,15,16,17,18,19,20,21,22,23,26,27,28], 13[1,2,4,5,6,7,8,9,10,11,12,14,15,16,17,18,20,21,22,23]]
   00:00:00:00:00:02    00:00:00:00:00:05  [4[2,3,4,5], 6[2,3,4,5,8,9,10,11], 8[1,2,3,4,5,6,7,8,9,10,11,12,14,15,16,17], 10[1,2,3,4,5,6,7,8,9,10,11,12,13,14,15,16,17,18,20,21,22,23], 12[1,2,3,4,5,6,7,8,9,10,11,12,13,14,15,16,17,18,19,20,21,22,23]]
   00:00:00:00:00:02    00:00:00:00:00:06  [5[2,3,4,5,6], 7[2,3,4,5,6,8,9,10,11,12], 9[1,2,3,4,5,6,7,8,9,10,11,12,14,15,16,17,18], 11[1,2,3,4,5,6,7,8,9,10,11,12,13,14,15,16,17,18,21,22,23,24]]
   00:00:00:00:00:02    00:00:00:00:00:07  [6[2,3,4,5,6,8,9,10,11,12], 8[1,2,3,4,5,6,7,8,9,10,11,12,14,15,16,17,18], 10[1,2,3,4,5,6,7,8,9,10,11,12,13,14,15,16,17,18,20,21,22,23,24], 12[1,2,3,4,5,6,7,8,9,10,11,12,14,15,16,17,18,21,22,23,24]]
   00:00:00:00:00:02    00:00:00:00:00:08  [7[2,3,4,5,6,8,9,10,11,12,14,15,16,17,18], 9[1,2,3,4,5,6,7,8,9,10,11,12,13,14,15,16,17,18,20,21,22,23,24], 11[1,2,3,4,5,6,7,8,9,10,11,12,13,14,15,16,17,18,19,20,21,22,23,24,28,29,30]]
   00:00:00:00:00:02    00:00:00:00:00:09  [8[2,3,4,5,6,8,9,10,11,12,14,15,16,17,18,20,21,22,23,24], 10[1,2,3,4,5,6,7,8,9,10,11,12,13,14,15,16,17,18,19,20,21,22,23,24,27,28,29,30]]
   00:00:00:00:00:02    00:00:00:00:00:0a  [9[2,3,4,5,6,8,9,10,11,12,14,15,16,17,18,20,21,22,23,24,26,27,28,29,30], 11[1,2,3,4,5,6,7,8,9,10,11,12,13,14,15,16,17,18,19,20,21,22,23,24,25,26,27,28,29,30,34,35,36]]
   00:00:00:00:00:02    00:00:00:00:00:0b  [10[2,3,4,5,6,8,9,10,11,12,14,15,16,17,18,20,21,22,23,24,26,27,28,29,30,32,33,34,35,36], 12[1,2,7,8,9,10,11,12,13,14,15,16,17,18,20,21,22,23,24,26,27,28,29,30,32,33,34,35,36]]
   00:00:00:00:00:02    00:00:00:00:00:0c  [9[2,3,4,5,8,9,10,11,14,15,16,17,20,21,22,23,26,27,28,29,32,33,34,35], 11[1,2,3,4,5,6,7,8,9,10,11,12,13,14,15,16,17,18,19,20,21,22,23,24,25,26,27,28,29,30,31,32,33,34,35,36]]
   00:00:00:00:00:02    00:00:00:00:00:0d  [8[2,3,4,8,9,10,14,15,16,20,21,22,26,27,28,32,33,34], 10[1,2,3,4,5,7,8,9,10,11,13,14,15,16,17,19,20,21,22,23,25,26,27,28,29,31,32,33,34,35]]
   00:00:00:00:00:02    00:00:00:00:00:0e  [7[2,3,8,9,14,15,20,21,26,27,32,33], 9[1,2,3,4,7,8,9,10,13,14,15,16,19,20,21,22,25,26,27,28,31,32,33,34], 11[1,2,3,4,5,7,8,9,10,11,13,14,15,16,17,19,20,21,22,23,25,26,27,28,29,31,32,33,34,35]]
   00:00:00:00:00:02    00:00:00:00:00:0f  [6[2,8,14,20,26,32], 8[1,2,3,7,8,9,13,14,15,19,20,21,25,26,27,31,32,33], 10[1,2,3,4,7,8,9,10,13,14,15,16,19,20,21,22,25,26,27,28,31,32,33,34]]
   00:00:00:00:00:02    00:00:00:00:00:10  [7[1,2,7,8,13,14,19,20,25,26,31,32], 9[1,2,3,7,8,9,13,14,15,19,20,21,25,26,27,31,32,33], 11[1,2,3,4,7,8,9,10,13,14,15,16,19,20,21,22,25,26,27,28,31,32,33,34]]
   00:00:00:00:00:02    00:00:00:00:00:11  [6[1,2,7,8,13,14,19,20,25,26], 8[1,2,3,7,8,9,13,14,15,19,20,21,25,26,27,31,32], 10[1,2,3,4,7,8,9,10,13,14,15,16,19,20,21,22,25,26,27,28,31,32,33], 12[1,2,7,8,9,10,13,14,15,16,19,20,21,22,25,26,27,28,31,32,33]]
   00:00:00:00:00:02    00:00:00:00:00:12  [5[1,2,7,8,13,14,19,20], 7[1,2,3,7,8,9,13,14,15,19,20,21,25,26], 9[1,2,3,4,7,8,9,10,13,14,15,16,19,20,21,22,25,26,27,31,32], 11[1,2,3,4,5,7,8,9,10,11,13,14,15,16,17,19,20,21,22,23,25,26,27,28,31,32,33]]
   00:00:00:00:00:02    00:00:00:00:00:13  [4[1,2,7,8,13,14], 6[1,2,3,7,8,9,13,14,15,19,20], 8[1,2,3,4,7,8,9,10,13,14,15,16,19,20,21,25,26], 10[1,2,3,4,5,7,8,9,10,11,13,14,15,16,17,19,20,21,22,25,26,27,31,32], 12[1,2,3,4,5,6,7,8,9,10,11,12,13,14,15,16,17,18,19,20,21,22,23,25,26,27,28,31,32]]
   00:00:00:00:00:02    00:00:00:00:00:14  [3[1,2,7,8], 5[2,3,7,8,9,13,14], 7[2,3,4,7,8,9,10,13,14,15,19,20], 9[2,3,4,5,7,8,9,10,11,13,14,15,16,19,20,21,25,26], 11[2,3,4,5,6,7,8,9,10,11,12,13,14,15,16,17,19,20,21,22,25,26,27,31,32], 13[2,3,4,5,6,7,8,9,10,11,12,13,14,15,16,17,18,19,20,21,22,23,25,26,27]]
   00:00:00:00:00:03    00:00:00:00:00:01  [3[1,2,3], 5[1,2,3,7,8,9], 7[1,2,3,4,7,8,9,10,13,14,15], 9[1,2,3,4,5,7,8,9,10,11,13,14,15,16,19,20,21], 11[1,2,3,4,5,6,7,8,9,10,11,12,13,14,15,16,17,19,20,21,22,25,26,27], 13[1,2,3,4,5,6,7,8,9,10,11,12,13,14,15,16,17,18,19,20,21,22,25,26,27,31,32]]
   00:00:00:00:00:03    00:00:00:00:00:02  [2[2,3], 4[2,3,8,9], 6[1,2,3,4,7,8,9,10,14,15], 8[1,2,3,4,5,7,8,9,10,11,13,14,15,16,20,21], 10[1,2,3,4,5,6,7,8,9,10,11,12,13,14,15,16,17,19,20,21,22,26,27], 12[1,2,3,4,5,6,7,8,9,10,11,12,13,14,15,16,17,18,19,20,21,22,23,25,26,27,28]]
   00:00:00:00:00:03    00:00:00:00:00:04  [2[3,4], 4[3,4,9,10], 6[2,3,4,5,8,9,10,11,15,16], 8[1,2,3,4,5,6,7,8,9,10,11,12,14,15,16,17,21,22], 10[1,2,3,4,5,6,7,8,9,10,11,12,13,14,15,16,17,18,20,21,22,23,27,28], 12[1,2,3,4,5,6,7,8,9,10,11,12,13,14,15,16,17,18,19,20,21,22,23,26,27,28]]
   00:00:00:00:00:03    00:00:00:00:00:05  [3[3,4,5], 5[3,4,5,9,10,11], 7[2,3,4,5,6,8,9,10,11,12,15,16,17], 9[1,2,3,4,5,6,7,8,9,10,11,12,14,15,16,17,18,21,22,23], 11[1,2,3,4,5,6,7,8,9,10,11,12,13,14,15,16,17,18,20,21,22,23,24,27,28,29], 13[1,2,3,4,5,6,7,8,9,10,11,12,15,16,17,18,22,23]]
   00:00:00:00:00:03    00:00:00:00:00:06  [4[3,4,5,6], 6[3,4,5,6,9,10,11,12], 8[2,3,4,5,6,8,9,10,11,12,15,16,17,18], 10[1,2,3,4,5,6,7,8,9,10,11,12,14,15,16,17,18,21,22,23,24], 12[1,2,3,4,5,6,7,8,9,10,11,12,13,14,15,16,17,18,20,21,22,23,24]]
   00:00:00:00:00:03    00:00:00:00:00:07  [5[3,4,5,6,9,10,11,12], 7[2,3,4,5,6,8,9,10,11,12,15,16,17,18], 9[1,2,3,4,5,6,7,8,9,10,11,12,14,15,16,17,18,21,22,23,24], 11[1,2,3,4,5,6,7,8,9,10,11,12,13,14,15,16,17,18,20,21,22,23,24,28,29,30]]
   00:00:00:00:00:03    00:00:00:00:00:08  [6[3,4,5,6,9,10,11,12,15,16,17,18], 8[2,3,4,5,6,8,9,10,11,12,14,15,16,17,18,21,22,23,24], 10[1,2,3,4,5,6,7,8,9,10,11,12,13,14,15,16,17,18,20,21,22,23,24,27,28,29,30], 12[1,2,3,4,5,6,7,8,9,10,11,12,14,15,16,17,18,20,21,22,23,24]]
   00:00:00:00:00:03    00:00:00:00:00:09  [7[3,4,5,6,9,10,11,12,15,16,17,18,21,22,23,24], 9[2,3,4,5,6,8,9,10,11,12,14,15,16,17,18,20,21,22,23,24,27,28,29,30], 11[1,2,3,4,5,6,7,8,9,10,11,12,13,14,15,16,17,18,19,20,21,22,23,24,26,27,28,29,30]]
   00:00:00:00:00:03    00:00:00:00:00:0a  [8[3,4,5,6,9,10,11,12,15,16,17,18,21,22,23,24,27,28,29,30], 10[2,3,4,5,6,8,9,10,11,12,14,15,16,17,18,20,21,22,23,24,26,27,28,29,30,34,35,36]]
   00:00:00:00:00:03    00:00:00:00:00:0b  [9[3,4,5,6,9,10,11,12,15,16,17,18,21,22,23,24,27,28,29,30,33,34,35,36], 11[2,3,4,5,6,8,9,10,11,12,14,15,16,17,18,20,21,22,23,24,26,27,28,29,30,32,33,34,35,36]]
   00:00:00:00:00:03    00:00:00:00:00:0c  [8[3,4,5,9,10,11,15,16,17,21,22,23,27,28,29,33,34,35], 10[2,3,4,5,6,8,9,10,11,12,14,15,16,17,18,20,21,22,23,24,26,27,28,29,30,32,33,34,35,36]]
   00:00:00:00:00:03    00:00:00:00:00:0d  [7[3,4,9,10,15,16,21,22,27,28,33,34], 9[2,3,4,5,8,9,10,11,14,15,16,17,20,21,22,23,26,27,28,29,32,33,34,35], 11[1,2,3,7,8,9,10,11,13,14,15,16,17,19,20,21,22,23,25,26,27,28,29,31,32,33,34,35]]
   00:00:00:00:00:03    00:00:00:00:00:0e  [6[3,9,15,21,27,33], 8[2,3,4,8,9,10,14,15,16,20,21,22,26,27,28,32,33,34], 10[1,2,3,4,5,7,8,9,10,11,13,14,15,16,17,19,20,21,22,23,25,26,27,28,29,31,32,33,34,35]]
   00:00:00:00:00:03    00:00:00:00:00:0f  [7[2,3,8,9,14,15,20,21,26,27,32,33], 9[1,2,3,4,7,8,9,10,13,14,15,16,19,20,21,22,25,26,27,28,31,32,33,34], 11[1,2,3,7,8,9,10,13,14,15,16,19,20,21,22,25,26,27,28,31,32,33,34]]
   00:00:00:00:00:03    00:00:00:00:00:10  [8[1,2,3,7,8,9,13,14,15,19,20,21,25,26,27,31,32,33], 10[1,2,3,4,7,8,9,10,13,14,15,16,19,20,21,22,25,26,27,28,31,32,33,34], 12[1,2,3,7,8,9,13,14,15,19,20,21,25,26,27,31,32,33]]
   00:00:00:00:00:03    00:00:00:00:00:11  [7[1,2,3,7,8,9,13,14,15,19,20,21,25,26,27], 9[1,2,3,4,7,8,9,10,13,14,15,16,19,20,21,22,25,26,27,28,31,32,33], 11[1,2,3,4,5,7,8,9,10,11,13,14,15,16,17,19,20,21,22,23,25,26,27,28,29,31,32,33]]
   00:00:00:00:00:03    00:00:00:00:00:12  [6[1,2,3,7,8,9,13,14,15,19,20,21], 8[1,2,3,4,7,8,9,10,13,14,15,16,19,20,21,22,25,26,27], 10[1,2,3,4,5,7,8,9,10,11,13,14,15,16,17,19,20,21,22,23,25,26,27,28,31,32,33], 12[1,2,3,7,8,9,10,11,13,14,15,16,17,19,20,21,22,25,26,27,31,32]]
   00:00:00:00:00:03    00:00:00:00:00:13  [5[1,2,3,7,8,9,13,14,15], 7[1,2,3,4,7,8,9,10,13,14,15,16,19,20,21], 9[1,2,3,4,5,7,8,9,10,11,13,14,15,16,17,19,20,21,22,25,26,27], 11[1,2,3,4,5,6,7,8,9,10,11,12,13,14,15,16,17,18,19,20,21,22,23,25,26,27,28,31,32]]
   00:00:00:00:00:03    00:00:00:00:00:14  [4[1,2,3,7,8,9], 6[1,2,3,4,7,8,9,10,13,14,15], 8[1,2,3,4,5,7,8,9,10,11,13,14,15,16,19,20,21], 10[1,2,3,4,5,6,7,8,9,10,11,12,13,14,15,16,17,19,20,21,22,25,26,27], 12[1,2,3,4,5,6,7,8,9,10,11,12,13,14,15,16,17,18,19,20,21,22,23,25,26,27,31,32]]
   00:00:00:00:00:04    00:00:00:00:00:01  [4[1,2,3,4], 6[1,2,3,4,7,8,9,10], 8[1,2,3,4,5,7,8,9,10,11,13,14,15,16], 10[1,2,3,4,5,6,7,8,9,10,11,12,13,14,15,16,17,19,20,21,22], 12[1,2,3,4,5,6,7,8,9,10,11,12,13,14,15,16,17,18,19,20,21,22,25,26,27]]
   00:00:00:00:00:04    00:00:00:00:00:02  [3[2,3,4], 5[2,3,4,8,9,10], 7[1,2,3,4,5,7,8,9,10,11,14,15,16], 9[1,2,3,4,5,6,7,8,9,10,11,12,13,14,15,16,17,20,21,22], 11[1,2,3,4,5,6,7,8,9,10,11,12,13,14,15,16,17,18,19,20,21,22,23,26,27,28], 13[1,2,3,4,7,8,9,10,11,12,13,14,15,16,17,18,19,20,21,22,25,26]]
   00:00:00:00:00:04    00:00:00:00:00:03  [2[3,4], 4[3,4,9,10], 6[2,3,4,5,8,9,10,11,15,16], 8[1,2,3,4,5,6,7,8,9,10,11,12,14,15,16,17,21,22], 10[1,2,3,4,5,6,7,8,9,10,11,12,13,14,15,16,17,18,20,21,22,23,27,28], 12[1,2,3,4,5,6,7,8,9,10,11,12,13,14,15,16,17,18,19,20,21,22,23,24,26,27,28,29]]
   00:00:00:00:00:04    00:00:00:00:00:05  [2[4,5], 4[4,5,10,11], 6[3,4,5,6,9,10,11,12,16,17], 8[2,3,4,5,6,8,9,10,11,12,15,16,17,18,22,23], 10[1,2,3,4,5,6,7,8,9,10,11,12,14,15,16,17,18,21,22,23,24,28,29], 12[1,2,3,4,5,6,7,8,9,10,11,12,13,14,15,16,17,18,20,21,22,23,24,27,28,29,30]]
   00:00:00:00:00:04    00:00:00:00:00:06  [3[4,5,6], 5[4,5,6,10,11,12], 7[3,4,5,6,9,10,11,12,16,17,18], 9[2,3,4,5,6,8,9,10,11,12,15,16,17,18,22,23,24], 11[1,2,3,4,5,6,7,8,9,10,11,12,14,15,16,17,18,21,22,23,24,28,29,30], 13[1,2,3,4,5,6,7,8,9,10,11,12,13,14,15,16,17,18,20,21,22,23,24]]
   00:00:00:00:00:04    00:00:00:00:00:07  [4[4,5,6,10,11,12], 6[3,4,5,6,9,10,11,12,16,17,18], 8[2,3,4,5,6,8,9,10,11,12,15,16,17,18,22,23,24], 10[1,2,3,4,5,6,7,8,9,10,11,12,14,15,16,17,18,21,22,23,24,28,29,30], 12[1,2,3,4,5,6,7,8,9,10,11,12,13,14,15,16,17,18,20,21,22,23,24,28,29,30]]
   00:00:00:00:00:04    00:00:00:00:00:08  [5[4,5,6,10,11,12,16,17,18], 7[3,4,5,6,9,10,11,12,15,16,17,18,22,23,24], 9[2,3,4,5,6,8,9,10,11,12,14,15,16,17,18,21,22,23,24,28,29,30], 11[1,2,3,4,5,6,7,8,9,10,11,12,13,14,15,16,17,18,20,21,22,23,24,27,28,29,30,35,36]]
   00:00:00:00:00:04    00:00:00:00:00:09  [6[4,5,6,10,11,12,16,17,18,22,23,24], 8[3,4,5,6,9,10,11,12,15,16,17,18,21,22,23,24,28,29,30], 10[2,3,4,5,6,8,9,10,11,12,14,15,16,17,18,20,21,22,23,24,27,28,29,30,34,35,36], 12[1,2,3,4,5,6,7,8,9,10,11,12,13,14,15,16,17,18,19,20,21,22,23,24,29,30]]
   00:00:00:00:00:04    00:00:00:00:00:0a  [7[4,5,6,10,11,12,16,17,18,22,23,24,28,29,30], 9[3,4,5,6,9,10,11,12,15,16,17,18,21,22,23,24,27,28,29,30,34,35,36], 11[2,3,4,5,6,8,9,10,11,12,14,15,16,17,18,20,21,22,23,24,26,27,28,29,30,34,35,36]]
   00:00:00:00:00:04    00:00:00:00:00:0b  [8[4,5,6,10,11,12,16,17,18,22,23,24,28,29,30,34,35,36], 10[3,4,5,6,9,10,11,12,15,16,17,18,21,22,23,24,27,28,29,30,33,34,35,36], 12[2,3,4,8,9,10,11,12,15,16,17,18,21,22,23,24,27,28,29,30,34,35,36]]
   00:00:00:00:00:04    00:00:00:00:00:0c  [7[4,5,10,11,16,17,22,23,28,29,34,35], 9[3,4,5,6,9,10,11,12,15,16,17,18,21,22,23,24,27,28,29,30,33,34,35,36], 11[2,3,4,8,9,10,11,12,14,15,16,17,18,20,21,22,23,24,26,27,28,29,30,32,33,34,35,36]]
   00:00:00:00:00:04    00:00:00:00:00:0d  [6[4,10,16,22,28,34], 8[3,4,5,9,10,11,15,16,17,21,22,23,27,28,29,33,34,35], 10[2,3,4,5,6,8,9,10,11,12,14,15,16,17,18,20,21,22,23,24,26,27,28,29,30,32,33,34,35,36]]
   00:00:00:00:00:04    00:00:00:00:00:0e  [7[3,4,9,10,15,16,21,22,27,28,33,34], 9[2,3,4,5,8,9,10,11,14,15,16,17,20,21,22,23,26,27,28,29,32,33,34,35], 11[1,2,3,4,7,8,9,10,11,13,14,15,16,17,19,20,21,22,23,25,26,27,28,31,32,33,34]]
   00:00:00:00:00:04    00:00:00:00:00:0f  [8[2,3,4,8,9,10,14,15,16,20,21,22,26,27,28,32,33,34], 10[1,2,3,4,5,7,8,9,10,11,13,14,15,16,17,19,20,21,22,23,25,26,27,28,29,31,32,33,34,35]]
   00:00:00:00:00:04    00:00:00:00:00:10  [9[1,2,3,4,7,8,9,10,13,14,15,16,19,20,21,22,25,26,27,28,31,32,33,34], 11[1,2,3,4,5,7,8,9,10,11,13,14,15,16,19,20,21,22,25,26,27,28,31,32,33,34]]
   00:00:00:00:00:04    00:00:00:00:00:11  [8[1,2,3,4,7,8,9,10,13,14,15,16,19,20,21,22,25,26,27,28], 10[1,2,3,4,5,7,8,9,10,11,13,14,15,16,17,19,20,21,22,23,25,26,27,28,29,31,32,33]]
   00:00:00:00:00:04    00:00:00:00:00:12  [7[1,2,3,4,7,8,9,10,13,14,15,16,19,20,21,22], 9[1,2,3,4,5,7,8,9,10,11,13,14,15,16,17,19,20,21,22,23,25,26,27,28], 11[1,2,3,4,5,6,7,8,9,10,11,12,13,14,15,16,17,18,19,20,21,22,23,24,25,26,27,28,31,32,33]]
   00:00:00:00:00:04    00:00:00:00:00:13  [6[1,2,3,4,7,8,9,10,13,14,15,16], 8[1,2,3,4,5,7,8,9,10,11,13,14,15,16,17,19,20,21,22], 10[1,2,3,4,5,6,7,8,9,10,11,12,13,14,15,16,17,18,19,20,21,22,23,25,26,27,28], 12[1,2,3,4,7,8,9,10,11,13,14,15,16,17,19,20,21,22,25,26,27,31,32]]
   00:00:00:00:00:04    00:00:00:00:00:14  [5[1,2,3,4,7,8,9,10], 7[1,2,3,4,5,7,8,9,10,11,13,14,15,16], 9[1,2,3,4,5,6,7,8,9,10,11,12,13,14,15,16,17,19,20,21,22], 11[1,2,3,4,5,6,7,8,9,10,11,12,13,14,15,16,17,18,19,20,21,22,23,25,26,27]]
   00:00:00:00:00:05    00:00:00:00:00:01  [5[1,2,3,4,5], 7[1,2,3,4,5,7,8,9,10,11], 9[1,2,3,4,5,6,7,8,9,10,11,12,13,14,15,16,17], 11[1,2,3,4,5,6,7,8,9,10,11,12,13,14,15,16,17,18,19,20,21,22]]
   00:00:00:00:00:05    00:00:00:00:00:02  [4[2,3,4,5], 6[2,3,4,5,8,9,10,11], 8[1,2,3,4,5,6,7,8,9,10,11,12,14,15,16,17], 10[1,2,3,4,5,6,7,8,9,10,11,12,13,14,15,16,17,18,20,21,22,23], 12[1,2,3,4,5,7,8,9,10,11,12,13,14,15,16,17,18,19,20,21,22,23,26,27]]
   00:00:00:00:00:05    00:00:00:00:00:03  [3[3,4,5], 5[3,4,5,9,10,11], 7[2,3,4,5,6,8,9,10,11,12,15,16,17], 9[1,2,3,4,5,6,7,8,9,10,11,12,14,15,16,17,18,21,22,23], 11[1,2,3,4,5,6,7,8,9,10,11,12,13,14,15,16,17,18,20,21,22,23,24,27,28,29], 13[1,2,3,4,5,7,8,9,10,13,14,15,16,19,20,21,22]]
   00:00:00:00:00:05    00:00:00:00:00:04  [2[4,5], 4[4,5,10,11], 6[3,4,5,6,9,10,11,12,16,17], 8[2,3,4,5,6,8,9,10,11,12,15,16,17,18,22,23], 10[1,2,3,4,5,6,7,8,9,10,11,12,14,15,16,17,18,21,22,23,24,28,29], 12[1,2,3,4,5,6,7,8,9,10,11,12,13,14,15,16,17,18,20,21,22,23,24,27,28,29,30]]
   00:00:00:00:00:05    00:00:00:00:00:06  [2[5,6], 4[5,6,11,12], 6[4,5,6,10,11,12,17,18], 8[3,4,5,6,9,10,11,12,16,17,18,23,24], 10[2,3,4,5,6,8,9,10,11,12,15,16,17,18,22,23,24,29,30], 12[1,2,3,4,5,6,7,8,9,10,11,12,14,15,16,17,18,21,22,23,24,28,29,30,35,36], 14[1,2,3,4,5,6,7,8,9,10,11,12,13,14,15,16,17,18,20,21,22,23,24,28,29,30]]
   00:00:00:00:00:05    00:00:00:00:00:07  [3[5,6,11,12], 5[4,5,10,11,12,17,18], 7[3,4,5,9,10,11,12,16,17,18,23,24], 9[2,3,4,5,8,9,10,11,12,15,16,17,18,22,23,24,29,30], 11[1,2,3,4,5,7,8,9,10,11,12,14,15,16,17,18,21,22,23,24,28,29,30,35,36], 13[1,2,3,4,5,7,8,9,10,11,12,13,14,15,16,17,18,20,21,22,23,24,28,29,30]]
   00:00:00:00:00:05    00:00:00:00:00:08  [4[5,6,11,12,17,18], 6[4,5,6,10,11,12,16,17,18,23,24], 8[3,4,5,6,9,10,11,12,15,16,17,18,22,23,24,29,30], 10[2,3,4,5,6,8,9,10,11,12,14,15,16,17,18,21,22,23,24,28,29,30,35,36], 12[1,2,3,4,5,7,8,9,10,11,12,13,14,15,16,17,18,20,21,22,23,24,27,28,29,30]]
   00:00:00:00:00:05    00:00:00:00:00:09  [5[5,6,11,12,17,18,23,24], 7[4,5,6,10,11,12,16,17,18,22,23,24,29,30], 9[3,4,5,6,9,10,11,12,15,16,17,18,21,22,23,24,28,29,30,35,36], 11[2,3,4,5,6,8,9,10,11,12,14,15,16,17,18,20,21,22,23,24,27,28,29,30,34,35,36]]
   00:00:00:00:00:05    00:00:00:00:00:0a  [6[5,6,11,12,17,18,23,24,29,30], 8[4,5,6,10,11,12,16,17,18,22,23,24,28,29,30,35,36], 10[3,4,5,6,9,10,11,12,15,16,17,18,21,22,23,24,27,28,29,30,34,35,36], 12[2,3,4,5,8,9,10,11,12,14,15,16,17,18,20,21,22,23,24,26,27,28,29,30]]
   00:00:00:00:00:05    00:00:00:00:00:0b  [7[5,6,11,12,17,18,23,24,29,30,35,36], 9[4,5,6,10,11,12,16,17,18,22,23,24,28,29,30,34,35,36], 11[3,4,5,6,9,10,11,12,15,16,17,18,21,22,23,24,27,28,29,30,33,34,35,36]]
   00:00:00:00:00:05    00:00:00:00:00:0c  [6[5,11,17,23,29,35], 8[4,5,6,10,11,12,16,17,18,22,23,24,28,29,30,34,35,36], 10[3,4,5,6,9,10,11,12,15,16,17,18,21,22,23,24,27,28,29,30,33,34,35,36]]
   00:00:00:00:00:05    00:00:00:00:00:0d  [7[4,5,10,11,16,17,22,23,28,29,34,35], 9[3,4,5,6,9,10,11,12,15,16,17,18,21,22,23,24,27,28,29,30,33,34,35,36], 11[2,3,4,5,8,9,10,11,12,14,15,16,17,18,20,21,22,23,24,26,27,28,29,32,33,34,35]]
   00:00:00:00:00:05    00:00:00:00:00:0e  [8[3,4,5,9,10,11,15,16,17,21,22,23,27,28,29,33,34,35], 10[2,3,4,5,6,8,9,10,11,12,14,15,16,17,18,20,21,22,23,24,26,27,28,29,30,32,33,34,35,36]]
   00:00:00:00:00:05    00:00:00:00:00:0f  [9[2,3,4,5,8,9,10,11,14,15,16,17,20,21,22,23,26,27,28,29,32,33,34,35], 11[1,2,3,4,5,7,8,9,10,11,13,14,15,16,17,19,20,21,22,23,25,26,27,28,29,31,32,33,34,35]]
   00:00:00:00:00:05    00:00:00:00:00:10  [10[1,2,3,4,5,7,8,9,10,11,13,14,15,16,17,19,20,21,22,23,25,26,27,28,29,31,32,33,34,35], 12[1,2,3,4,5,7,8,9,10,13,14,15,16,19,20,21,22,25,26,27,31,32,33]]
   00:00:00:00:00:05    00:00:00:00:00:11  [9[1,2,3,4,5,7,8,9,10,11,13,14,15,16,17,19,20,21,22,23,25,26,27,28,29], 11[1,2,3,4,5,7,8,9,10,11,13,14,15,16,17,19,20,21,22,23,25,26,27,28,29,31,32,33]]
   00:00:00:00:00:05    00:00:00:00:00:12  [8[1,2,3,4,5,7,8,9,10,11,13,14,15,16,17,19,20,21,22,23], 10[1,2,3,4,5,6,7,8,9,10,11,12,13,14,15,16,17,18,19,20,21,22,23,24,25,26,27,28]]
   00:00:00:00:00:05    00:00:00:00:00:13  [7[1,2,3,4,5,7,8,9,10,11,13,14,15,16,17], 9[1,2,3,4,5,6,7,8,9,10,11,12,13,14,15,16,17,18,19,20,21,22,23], 11[1,2,3,4,5,6,7,8,9,10,11,12,13,14,15,16,17,18,19,20,21,22,23,25,26,27,28]]
   00:00:00:00:00:05    00:00:00:00:00:14  [6[1,2,3,4,5,7,8,9,10,11], 8[1,2,3,4,5,6,7,8,9,10,11,12,13,14,15,16,17], 10[1,2,3,4,5,6,7,8,9,10,11,12,13,14,15,16,17,18,19,20,21,22,23], 12[1,2,3,4,5,7,8,9,10,11,13,14,15,16,17,19,20,21,22,25,26,27]]
   00:00:00:00:00:06    00:00:00:00:00:01  [6[1,2,3,4,5,6], 8[1,2,3,4,5,6,7,8,9,10,11,12], 10[1,2,3,4,5,6,7,8,9,10,11,12,13,14,15,16,17,18], 12[1,2,3,4,5,6,7,8,9,10,11,12,13,14,15,16,17,18,19,20,21,22]]
   00:00:00:00:00:06    00:00:00:00:00:02  [5[2,3,4,5,6], 7[2,3,4,5,6,8,9,10,11,12], 9[1,2,3,4,5,6,7,8,9,10,11,12,14,15,16,17,18], 11[1,2,3,4,5,6,7,8,9,10,11,12,13,14,15,16,17,18,20,21,22,23]]
   00:00:00:00:00:06    00:00:00:00:00:03  [4[3,4,5,6], 6[3,4,5,6,9,10,11,12], 8[2,3,4,5,6,8,9,10,11,12,15,16,17,18], 10[1,2,3,4,5,6,7,8,9,10,11,12,14,15,16,17,18,21,22,23,24], 12[1,2,3,4,5,6,7,8,9,10,11,12,13,14,15,16,17,18,20,21,22,23,24,27,28,29]]
   00:00:00:00:00:06    00:00:00:00:00:04  [3[4,5,6], 5[4,5,6,10,11,12], 7[3,4,5,6,9,10,11,12,16,17,18], 9[2,3,4,5,6,8,9,10,11,12,15,16,17,18,22,23,24], 11[1,2,3,4,5,6,7,8,9,10,11,12,14,15,16,17,18,21,22,23,24,28,29,30], 13[1,2,3,4,5,6,7,8,9,10,11,12,13,14,15,16,17,18,20,21,22,23,24,27,28,29,30]]
   00:00:00:00:00:06    00:00:00:00:00:05  [2[5,6], 4[5,6,11,12], 6[4,5,6,10,11,12,17,18], 8[3,4,5,6,9,10,11,12,16,17,18,23,24], 10[2,3,4,5,6,8,9,10,11,12,15,16,17,18,22,23,24,29,30], 12[1,2,3,4,5,6,7,8,9,10,11,12,14,15,16,17,18,21,22,23,24,28,29,30,35,36], 14[1,2,3,4,5,6,7,8,9,10,11,12,13,14,15,16,17,18,20,21,22,23,24,27,28,29,30,34,35]]
   00:00:00:00:00:06    00:00:00:00:00:07  [2[6,12], 4[5,6,11,12], 6[4,5,6,10,11,12,17,18], 8[3,4,5,6,9,10,11,12,16,17,18,23,24], 10[2,3,4,5,6,8,9,10,11,12,15,16,17,18,22,23,24,29,30], 12[1,2,3,4,5,6,7,8,9,10,11,12,14,15,16,17,18,21,22,23,24,28,29,30,35,36], 14[1,2,3,4,5,6,7,8,9,10,11,12,13,14,15,16,17,18,20,21,22,23,24,28,29,30]]
   00:00:00:00:00:06    00:00:00:00:00:08  [3[6,12,18], 5[5,6,11,12,17,18], 7[4,5,6,10,11,12,16,17,18,23,24], 9[3,4,5,6,9,10,11,12,15,16,17,18,22,23,24,29,30], 11[2,3,4,5,6,8,9,10,11,12,14,15,16,17,18,21,22,23,24,28,29,30,35,36], 13[1,2,3,4,5,6,7,8,9,10,11,12,13,14,15,16,17,18,20,21,22,23,24,28,29,30]]
   00:00:00:00:00:06    00:00:00:00:00:09  [4[6,12,18,24], 6[5,6,11,12,17,18,23,24], 8[4,5,6,10,11,12,16,17,18,22,23,24,29,30], 10[3,4,5,6,9,10,11,12,15,16,17,18,21,22,23,24,28,29,30,35,36], 12[2,3,4,5,6,8,9,10,11,12,14,15,16,17,18,20,21,22,23,24,27,28,29,30,34,35,36]]
   00:00:00:00:00:06    00:00:00:00:00:0a  [5[6,12,18,24,30], 7[5,6,11,12,17,18,23,24,29,30], 9[4,5,6,10,11,12,16,17,18,22,23,24,28,29,30,35,36], 11[3,4,5,6,9,10,11,12,15,16,17,18,21,22,23,24,27,28,29,30,34,35,36]]
   00:00:00:00:00:06    00:00:00:00:00:0b  [6[6,12,18,24,30,36], 8[5,6,11,12,17,18,23,24,29,30,35,36], 10[4,5,6,10,11,12,16,17,18,22,23,24,28,29,30,34,35,36], 12[3,4,5,6,9,10,11,12,15,16,17,18,21,22,23,24,27,28,29,30,33,34,35,36]]
   00:00:00:00:00:06    00:00:00:00:00:0c  [7[5,6,11,12,17,18,23,24,29,30,35,36], 9[4,5,6,10,11,12,16,17,18,22,23,24,28,29,30,34,35,36], 11[3,4,5,6,9,10,11,12,15,16,17,18,21,22,23,24,27,28,29,30,33,34,35,36]]
   00:00:00:00:00:06    00:00:00:00:00:0d  [8[4,5,6,10,11,12,16,17,18,22,23,24,28,29,30,34,35,36], 10[3,4,5,6,9,10,11,12,15,16,17,18,21,22,23,24,27,28,29,30,33,34,35,36], 12[2,3,4,5,6,8,9,10,11,14,15,16,17,20,21,22,23,26,27,28,29,32,33,34,35]]
   00:00:00:00:00:06    00:00:00:00:00:0e  [9[3,4,5,6,9,10,11,12,15,16,17,18,21,22,23,24,27,28,29,30,33,34,35,36], 11[2,3,4,5,6,8,9,10,11,12,14,15,16,17,18,20,21,22,23,24,26,27,28,29,30,32,33,34,35,36]]
   00:00:00:00:00:06    00:00:00:00:00:0f  [10[2,3,4,5,6,8,9,10,11,12,14,15,16,17,18,20,21,22,23,24,26,27,28,29,30,32,33,34,35,36], 12[1,2,3,4,5,6,7,8,9,10,13,14,15,16,19,20,21,22,25,26,27,28,31,32,33,34]]
   00:00:00:00:00:06    00:00:00:00:00:10  [11[1,2,3,4,5,6,7,8,9,10,11,12,13,14,15,16,17,18,19,20,21,22,23,25,26,27,28,29,31,32,33,34,35]]
   00:00:00:00:00:06    00:00:00:00:00:11  [10[1,2,3,4,5,6,7,8,9,10,11,12,13,14,15,16,17,18,19,20,21,22,23,24,25,26,27,28,29,30], 12[1,2,3,4,5,6,7,8,9,10,13,14,15,16,19,20,21,22,25,26,27,28,31,32,33]]
   00:00:00:00:00:06    00:00:00:00:00:12  [9[1,2,3,4,5,6,7,8,9,10,11,12,13,14,15,16,17,18,19,20,21,22,23,24], 11[1,2,3,4,5,6,7,8,9,10,11,12,13,14,15,16,17,18,19,20,21,22,23,24,25,26,27,28]]
   00:00:00:00:00:06    00:00:00:00:00:13  [8[1,2,3,4,5,6,7,8,9,10,11,12,13,14,15,16,17,18], 10[1,2,3,4,5,6,7,8,9,10,11,12,13,14,15,16,17,18,19,20,21,22,23,24], 12[1,2,3,4,5,6,7,8,9,10,11,13,14,15,16,17,19,20,21,22,25,26,27]]
   00:00:00:00:00:06    00:00:00:00:00:14  [7[1,2,3,4,5,6,7,8,9,10,11,12], 9[1,2,3,4,5,6,7,8,9,10,11,12,13,14,15,16,17,18], 11[1,2,3,4,5,6,7,8,9,10,11,12,13,14,15,16,17,18,19,20,21,22,23]]
   00:00:00:00:00:07    00:00:00:00:00:01  [7[1,2,3,4,5,6,7,8,9,10,11,12], 9[1,2,3,4,5,6,7,8,9,10,11,12,13,14,15,16,17,18], 11[1,2,3,4,5,6,7,8,9,10,11,12,13,14,15,16,17,18,19,20,21,22,23]]
   00:00:00:00:00:07    00:00:00:00:00:02  [6[2,3,4,5,6,8,9,10,11,12], 8[1,2,3,4,5,6,7,8,9,10,11,12,14,15,16,17,18], 10[1,2,3,4,5,6,7,8,9,10,11,12,13,14,15,16,17,18,20,21,22,23,24], 12[1,2,3,4,5,6,7,8,9,10,11,12,13,14,15,16,17,20,21,22]]
   00:00:00:00:00:07    00:00:00:00:00:03  [5[3,4,5,6,9,10,11,12], 7[2,3,4,5,6,8,9,10,11,12,15,16,17,18], 9[1,2,3,4,5,6,7,8,9,10,11,12,14,15,16,17,18,21,22,23,24], 11[1,2,3,4,5,6,7,8,9,10,11,12,13,14,15,16,17,18,20,21,22,23,24,27,28,29]]
   00:00:00:00:00:07    00:00:00:00:00:04  [4[4,5,6,10,11,12], 6[3,4,5,6,9,10,11,12,16,17,18], 8[2,3,4,5,6,8,9,10,11,12,15,16,17,18,22,23,24], 10[1,2,3,4,5,6,7,8,9,10,11,12,14,15,16,17,18,21,22,23,24,28,29,30], 12[1,2,3,4,5,6,7,8,9,10,11,12,13,14,15,16,17,18,20,21,22,23,24,27,28,29,30,34,35]]
   00:00:00:00:00:07    00:00:00:00:00:05  [3[5,6,11,12], 5[4,5,10,11,12,17,18], 7[3,4,5,9,10,11,12,16,17,18,23,24], 9[2,3,4,5,8,9,10,11,12,15,16,17,18,22,23,24,29,30], 11[1,2,3,4,5,7,8,9,10,11,12,14,15,16,17,18,21,22,23,24,28,29,30,35,36], 13[1,2,3,4,5,7,8,9,10,11,12,13,14,15,16,17,18,20,21,22,23,24,27,28,29,30,34,35]]
   00:00:00:00:00:07    00:00:00:00:00:06  [2[6,12], 4[5,6,11,12], 6[4,5,6,10,11,12,17,18], 8[3,4,5,6,9,10,11,12,16,17,18,23,24], 10[2,3,4,5,6,8,9,10,11,12,15,16,17,18,22,23,24,29,30], 12[1,2,3,4,5,6,7,8,9,10,11,12,14,15,16,17,18,21,22,23,24,28,29,30,35,36], 14[1,2,3,4,5,6,7,8,9,10,11,12,13,14,15,16,17,18,20,21,22,23,24,27,28,29,30,34,35]]
   00:00:00:00:00:07    00:00:00:00:00:08  [2[12,18], 4[11,12,17,18], 6[5,6,10,11,12,16,17,18,23,24], 8[4,5,6,9,10,11,12,15,16,17,18,22,23,24,29,30], 10[3,4,5,6,8,9,10,11,12,14,15,16,17,18,21,22,23,24,28,29,30,35,36], 12[2,3,4,5,6,7,8,9,10,11,12,13,14,15,16,17,18,20,21,22,23,24,27,28,29,30,34,35,36]]
   00:00:00:00:00:07    00:00:00:00:00:09  [3[12,18,24], 5[11,12,17,18,23,24], 7[5,6,10,11,12,16,17,18,22,23,24,29,30], 9[4,5,6,9,10,11,12,15,16,17,18,21,22,23,24,28,29,30,35,36], 11[3,4,5,6,8,9,10,11,12,14,15,16,17,18,20,21,22,23,24,27,28,29,30,34,35,36], 13[2,3,4,5,6,8,9,10,11,12,15,16,17,18,22,23,24]]
   00:00:00:00:00:07    00:00:00:00:00:0a  [4[12,18,24,30], 6[11,12,17,18,23,24,29,30], 8[5,6,10,11,12,16,17,18,22,23,24,28,29,30,35,36], 10[4,5,6,9,10,11,12,15,16,17,18,21,22,23,24,27,28,29,30,34,35,36], 12[3,4,5,6,9,10,11,12,15,16,17,18,21,22,23,24,27,28,29,30,34,35,36]]
   00:00:00:00:00:07    00:00:00:00:00:0b  [5[12,18,24,30,36], 7[11,12,17,18,23,24,29,30,35,36], 9[5,6,10,11,12,16,17,18,22,23,24,28,29,30,34,35,36], 11[4,5,6,9,10,11,12,15,16,17,18,21,22,23,24,27,28,29,30,33,34,35,36]]
   00:00:00:00:00:07    00:00:00:00:00:0c  [6[11,12,17,18,23,24,29,30,35,36], 8[5,6,10,11,12,16,17,18,22,23,24,28,29,30,34,35,36], 10[4,5,6,9,10,11,12,15,16,17,18,21,22,23,24,27,28,29,30,33,34,35,36], 12[3,4,5,6,9,10,11,12,15,16,17,18,21,22,23,24,27,28,29,30,33,34,35,36]]
   00:00:00:00:00:07    00:00:00:00:00:0d  [7[10,11,12,16,17,18,22,23,24,28,29,30,34,35,36], 9[4,5,6,9,10,11,12,15,16,17,18,21,22,23,24,27,28,29,30,33,34,35,36], 11[3,4,5,6,8,9,10,11,12,14,15,16,17,18,20,21,22,23,24,26,27,28,29,30,32,33,34,35,36]]
   00:00:00:00:00:07    00:00:00:00:00:0e  [8[9,10,11,12,15,16,17,18,21,22,23,24,27,28,29,30,33,34,35,36], 10[3,4,5,6,8,9,10,11,12,14,15,16,17,18,20,21,22,23,24,26,27,28,29,30,32,33,34,35,36]]
   00:00:00:00:00:07    00:00:00:00:00:0f  [9[8,9,10,11,12,14,15,16,17,18,20,21,22,23,24,26,27,28,29,30,32,33,34,35,36], 11[2,3,4,5,6,7,8,9,10,11,12,13,14,15,16,17,19,20,21,22,23,25,26,27,28,29,31,32,33,34,35]]
   00:00:00:00:00:07    00:00:00:00:00:10  [10[7,8,9,10,11,12,13,14,15,16,17,18,19,20,21,22,23,24,25,26,27,28,29,30,31,32,33,34,35,36], 12[1,2,3,4,5,6,7,8,9,10,11,12,13,14,15,16,19,20,21,22,25,26,27,28,31,32,33,34]]
   00:00:00:00:00:07    00:00:00:00:00:11  [9[7,8,9,10,11,12,13,14,15,16,17,18,19,20,21,22,23,24,25,26,27,28,29,30], 11[1,2,3,4,5,6,7,8,9,10,11,12,13,14,15,16,17,19,20,21,22,23,25,26,27,28,29,31,32]]
   00:00:00:00:00:07    00:00:00:00:00:12  [8[7,8,9,10,11,12,13,14,15,16,17,18,19,20,21,22,23,24], 10[1,2,3,4,5,6,7,8,9,10,11,12,13,14,15,16,17,18,19,20,21,22,23,24,25,26,27,28,29]]
   00:00:00:00:00:07    00:00:00:00:00:13  [7[7,8,9,10,11,12,13,14,15,16,17,18], 9[1,2,3,4,5,6,7,8,9,10,11,12,13,14,15,16,17,18,19,20,21,22,23,24], 11[1,2,3,4,5,6,7,8,9,10,11,12,13,14,15,16,17,19,20,21,22,23]]
   00:00:00:00:00:07    00:00:00:00:00:14  [6[7,8,9,10,11,12], 8[1,2,3,4,5,6,7,8,9,10,11,12,13,14,15,16,17,18], 10[1,2,3,4,5,6,7,8,9,10,11,12,13,14,15,16,17,18,19,20,21,22,23,24]]
   00:00:00:00:00:08    00:00:00:00:00:01  [8[1,2,3,4,5,6,7,8,9,10,11,12,13,14,15,16,17,18], 10[1,2,3,4,5,6,7,8,9,10,11,12,13,14,15,16,17,18,19,20,21,22,23,24], 12[1,2,3,4,5,6,7,8,9,10,11,12,13,14,15,16,17,18]]
   00:00:00:00:00:08    00:00:00:00:00:02  [7[2,3,4,5,6,8,9,10,11,12,14,15,16,17,18], 9[1,2,3,4,5,6,7,8,9,10,11,12,13,14,15,16,17,18,20,21,22,23,24], 11[1,2,3,4,5,6,7,8,9,10,11,12,13,14,15,16,17,18,19,20,21,22,23]]
   00:00:00:00:00:08    00:00:00:00:00:03  [6[3,4,5,6,9,10,11,12,15,16,17,18], 8[2,3,4,5,6,8,9,10,11,12,14,15,16,17,18,21,22,23,24], 10[1,2,3,4,5,6,7,8,9,10,11,12,13,14,15,16,17,18,20,21,22,23,24,27,28,29,30], 12[1,2,3,4,5,6,7,8,9,10,11,12,13,14,15,16,17,18,21,22,23]]
   00:00:00:00:00:08    00:00:00:00:00:04  [5[4,5,6,10,11,12,16,17,18], 7[3,4,5,6,9,10,11,12,15,16,17,18,22,23,24], 9[2,3,4,5,6,8,9,10,11,12,14,15,16,17,18,21,22,23,24,28,29,30], 11[1,2,3,4,5,6,7,8,9,10,11,12,13,14,15,16,17,18,20,21,22,23,24,27,28,29,30,34,35]]
   00:00:00:00:00:08    00:00:00:00:00:05  [4[5,6,11,12,17,18], 6[4,5,6,10,11,12,16,17,18,23,24], 8[3,4,5,6,9,10,11,12,15,16,17,18,22,23,24,29,30], 10[2,3,4,5,6,8,9,10,11,12,14,15,16,17,18,21,22,23,24,28,29,30,35,36], 12[1,2,3,4,5,6,7,8,9,10,11,12,13,14,15,16,17,18,20,21,22,23,24,27,28,29,30]]
   00:00:00:00:00:08    00:00:00:00:00:06  [3[6,12,18], 5[5,6,11,12,17,18], 7[4,5,6,10,11,12,16,17,18,23,24], 9[3,4,5,6,9,10,11,12,15,16,17,18,22,23,24,29,30], 11[2,3,4,5,6,8,9,10,11,12,14,15,16,17,18,21,22,23,24,28,29,30,35,36], 13[1,2,3,4,5,6,7,8,9,10,11,12,13,14,15,16,17,18,20,21,22,23,27,28,29]]
   00:00:00:00:00:08    00:00:00:00:00:07  [2[12,18], 4[11,12,17,18], 6[5,6,10,11,12,16,17,18,23,24], 8[4,5,6,9,10,11,12,15,16,17,18,22,23,24,29,30], 10[3,4,5,6,8,9,10,11,12,14,15,16,17,18,21,22,23,24,28,29,30,35,36], 12[2,3,4,5,6,7,8,9,10,11,12,13,14,15,16,17,18,20,21,22,23,24,27,28,29,30,34,35]]
   00:00:00:00:00:08    00:00:00:00:00:09  [2[18,24], 4[17,18,23,24], 6[11,12,16,17,18,22,23,24,29,30], 8[5,6,10,11,12,15,16,17,18,21,22,23,24,28,29,30,35,36], 10[4,5,6,9,10,11,12,14,15,16,17,18,20,21,22,23,24,27,28,29,30,34,35,36], 12[3,4,5,6,8,9,10,11,12,14,15,16,17,18,20,21,22,23,24,27,28,29,30,34,35,36]]
   00:00:00:00:00:08    00:00:00:00:00:0a  [3[18,24,30], 5[17,18,23,24,29,30], 7[11,12,16,17,18,22,23,24,28,29,30,35,36], 9[5,6,10,11,12,15,16,17,18,21,22,23,24,27,28,29,30,34,35,36], 11[4,5,6,9,10,11,12,14,15,16,17,18,20,21,22,23,24,26,27,28,29,30,33,34,35,36], 13[3,4,5,6,9,10,11,12,15,16,17,18,22,23,24,28,29,30]]
   00:00:00:00:00:08    00:00:00:00:00:0b  [4[18,24,30,36], 6[17,18,23,24,29,30,35,36], 8[11,12,16,17,18,22,23,24,28,29,30,34,35,36], 10[5,6,10,11,12,15,16,17,18,21,22,23,24,27,28,29,30,33,34,35,36], 12[4,5,6,9,10,11,12,15,16,17,18,21,22,23,24,27,28,29,30,33,34,35,36]]
   00:00:00:00:00:08    00:00:00:00:00:0c  [5[17,18,23,24,29,30,35,36], 7[11,12,16,17,18,22,23,24,28,29,30,34,35,36], 9[5,6,10,11,12,15,16,17,18,21,22,23,24,27,28,29,30,33,34,35,36], 11[4,5,6,9,10,11,12,14,15,16,17,18,20,21,22,23,24,26,27,28,29,30,32,33,34,35,36]]
   00:00:00:00:00:08    00:00:00:00:00:0d  [6[16,17,18,22,23,24,28,29,30,34,35,36], 8[10,11,12,15,16,17,18,21,22,23,24,27,28,29,30,33,34,35,36], 10[4,5,6,9,10,11,12,14,15,16,17,18,20,21,22,23,24,26,27,28,29,30,32,33,34,35,36], 12[3,4,5,6,9,10,11,12,15,16,17,18,21,22,23,27,28,29,33,34,35]]
   00:00:00:00:00:08    00:00:00:00:00:0e  [7[15,16,17,18,21,22,23,24,27,28,29,30,33,34,35,36], 9[9,10,11,12,14,15,16,17,18,20,21,22,23,24,26,27,28,29,30,32,33,34,35,36], 11[3,4,5,6,8,9,10,11,12,14,15,16,17,18,20,21,22,23,24,26,27,28,29,30,32,33,34,35,36]]
   00:00:00:00:00:08    00:00:00:00:00:0f  [8[14,15,16,17,18,20,21,22,23,24,26,27,28,29,30,32,33,34,35,36], 10[8,9,10,11,12,13,14,15,16,17,18,19,20,21,22,23,24,25,26,27,28,29,30,31,32,33,34,35,36]]
   00:00:00:00:00:08    00:00:00:00:00:10  [9[13,14,15,16,17,18,19,20,21,22,23,24,25,26,27,28,29,30,31,32,33,34,35,36], 11[7,8,9,10,11,12,13,14,15,16,17,18,19,20,21,22,23,25,26,27,28,29,31,32,33,34,35]]
   00:00:00:00:00:08    00:00:00:00:00:11  [8[13,14,15,16,17,18,19,20,21,22,23,24,25,26,27,28,29,30], 10[7,8,9,10,11,12,13,14,15,16,17,18,19,20,21,22,23,24,25,26,27,28,29,30,31,32,33,34,35]]
   00:00:00:00:00:08    00:00:00:00:00:12  [7[13,14,15,16,17,18,19,20,21,22,23,24], 9[7,8,9,10,11,12,13,14,15,16,17,18,19,20,21,22,23,24,25,26,27,28,29,30], 11[1,2,3,4,5,6,7,8,9,10,11,12,13,14,15,16,17,18,19,20,21,22,23,25,26,27,28]]
   00:00:00:00:00:08    00:00:00:00:00:13  [6[13,14,15,16,17,18], 8[7,8,9,10,11,12,13,14,15,16,17,18,19,20,21,22,23,24], 10[1,2,3,4,5,6,7,8,9,10,11,12,13,14,15,16,17,18,19,20,21,22,23,25,26,27,28,29]]
   00:00:00:00:00:08    00:00:00:00:00:14  [7[7,8,9,10,11,12,13,14,15,16,17,18], 9[1,2,3,4,5,6,7,8,9,10,11,12,13,14,15,16,17,18,19,20,21,22,23,24], 11[1,2,3,4,5,6,7,8,9,10,11,12,13,14,15,16,17,18,19,20,21,22,23]]
   00:00:00:00:00:09    00:00:00:00:00:01  [9[1,2,3,4,5,6,7,8,9,10,11,12,13,14,15,16,17,18,19,20,21,22,23,24], 11[1,2,3,4,5,6,7,8,9,10,11,12,13,14,15,16,17,18,19,20,21,22,23,24]]
   00:00:00:00:00:09    00:00:00:00:00:02  [8[2,3,4,5,6,8,9,10,11,12,14,15,16,17,18,20,21,22,23,24], 10[1,2,3,4,5,6,7,8,9,10,11,12,13,14,15,16,17,18,19,20,21,22,23,24,26,27,28,29,30]]
   00:00:00:00:00:09    00:00:00:00:00:03  [7[3,4,5,6,9,10,11,12,15,16,17,18,21,22,23,24], 9[2,3,4,5,6,8,9,10,11,12,14,15,16,17,18,20,21,22,23,24,27,28,29,30], 11[1,2,3,4,5,6,7,8,9,10,11,12,13,14,15,16,17,18,20,21,22,23,24,27,28,29]]
   00:00:00:00:00:09    00:00:00:00:00:04  [6[4,5,6,10,11,12,16,17,18,22,23,24], 8[3,4,5,6,9,10,11,12,15,16,17,18,21,22,23,24,28,29,30], 10[2,3,4,5,6,8,9,10,11,12,14,15,16,17,18,20,21,22,23,24,27,28,29,30,34,35,36], 12[1,2,3,4,5,6,7,8,9,10,11,12,14,15,16,17,18,21,22,23,24,28,29]]
   00:00:00:00:00:09    00:00:00:00:00:05  [5[5,6,11,12,17,18,23,24], 7[4,5,6,10,11,12,16,17,18,22,23,24,29,30], 9[3,4,5,6,9,10,11,12,15,16,17,18,21,22,23,24,28,29,30,35,36], 11[2,3,4,5,6,8,9,10,11,12,14,15,16,17,18,20,21,22,23,24,27,28,29,30,34,35]]
   00:00:00:00:00:09    00:00:00:00:00:06  [4[6,12,18,24], 6[5,6,11,12,17,18,23,24], 8[4,5,6,10,11,12,16,17,18,22,23,24,29,30], 10[3,4,5,6,9,10,11,12,15,16,17,18,21,22,23,24,28,29,30,35,36], 12[2,3,4,5,6,8,9,10,11,12,14,15,16,17,18,20,21,22,23,24,28,29]]
   00:00:00:00:00:09    00:00:00:00:00:07  [3[12,18,24], 5[11,12,17,18,23,24], 7[5,6,10,11,12,16,17,18,22,23,24,29,30], 9[4,5,6,9,10,11,12,15,16,17,18,21,22,23,24,28,29,30,35,36], 11[3,4,5,6,8,9,10,11,12,14,15,16,17,18,20,21,22,23,24,27,28,29,30,34,35,36], 13[2,3,4,5,6,8,9,10,11,12,15,16,17,18,24]]
   00:00:00:00:00:09    00:00:00:00:00:08  [2[18,24], 4[17,18,23,24], 6[11,12,16,17,18,22,23,24,29,30], 8[5,6,10,11,12,15,16,17,18,21,22,23,24,28,29,30,35,36], 10[4,5,6,9,10,11,12,14,15,16,17,18,20,21,22,23,24,27,28,29,30,34,35,36], 12[3,4,5,6,8,9,10,11,12,13,14,15,16,17,18,19,20,21,22,23,24,26,27,28,29,30,33,34,35,36]]
   00:00:00:00:00:09    00:00:00:00:00:0a  [2[24,30], 4[23,24,29,30], 6[17,18,22,23,24,28,29,30,35,36], 8[11,12,16,17,18,21,22,23,24,27,28,29,30,34,35,36], 10[5,6,10,11,12,15,16,17,18,20,21,22,23,24,26,27,28,29,30,33,34,35,36], 12[4,5,6,9,10,11,12,14,15,16,17,18,20,21,22,23,24,26,27,28,29,30,33,34,35,36]]
   00:00:00:00:00:09    00:00:00:00:00:0b  [3[24,30,36], 5[23,24,29,30,35,36], 7[17,18,22,23,24,28,29,30,34,35,36], 9[11,12,16,17,18,21,22,23,24,27,28,29,30,33,34,35,36], 11[5,6,10,11,12,15,16,17,18,20,21,22,23,24,26,27,28,29,30,32,33,34,35,36], 13[4,5,6,9,10,11,12,15,16,17,18,21,22,23,24,27,28,29,30,33,34,35,36]]
   00:00:00:00:00:09    00:00:00:00:00:0c  [4[23,24,29,30,35,36], 6[17,18,22,23,24,28,29,30,34,35,36], 8[11,12,16,17,18,21,22,23,24,27,28,29,30,33,34,35,36], 10[5,6,10,11,12,15,16,17,18,20,21,22,23,24,26,27,28,29,30,32,33,34,35,36], 12[4,5,6,9,10,11,12,14,15,16,17,18,20,21,22,23,24,26,27,28,29,30,32,33,34,35,36]]
   00:00:00:00:00:09    00:00:00:00:00:0d  [5[22,23,24,28,29,30,34,35,36], 7[16,17,18,21,22,23,24,27,28,29,30,33,34,35,36], 9[10,11,12,15,16,17,18,20,21,22,23,24,26,27,28,29,30,32,33,34,35,36], 11[4,5,6,9,10,11,12,14,15,16,17,18,20,21,22,23,24,26,27,28,29,30,32,33,34,35,36]]
   00:00:00:00:00:09    00:00:00:00:00:0e  [6[21,22,23,24,27,28,29,30,33,34,35,36], 8[15,16,17,18,20,21,22,23,24,26,27,28,29,30,32,33,34,35,36], 10[9,10,11,12,14,15,16,17,18,19,20,21,22,23,24,25,26,27,28,29,30,31,32,33,34,35,36], 12[3,4,5,6,8,9,10,11,12,14,15,16,17,18,20,21,22,23,24,26,27,28,29,33,34,35]]
   00:00:00:00:00:09    00:00:00:00:00:0f  [7[20,21,22,23,24,26,27,28,29,30,32,33,34,35,36], 9[14,15,16,17,18,19,20,21,22,23,24,25,26,27,28,29,30,31,32,33,34,35,36], 11[8,9,10,11,12,13,14,15,16,17,18,19,20,21,22,23,24,25,26,27,28,29,31,32,33,34,35]]
   00:00:00:00:00:09    00:00:00:00:00:10  [8[19,20,21,22,23,24,25,26,27,28,29,30,31,32,33,34,35,36], 10[13,14,15,16,17,18,19,20,21,22,23,24,25,26,27,28,29,30,31,32,33,34,35,36], 12[7,8,9,10,11,12,13,14,15,16,18,19,20,21,22,24,25,26,27,28,31,32,33]]
   00:00:00:00:00:09    00:00:00:00:00:11  [7[19,20,21,22,23,24,25,26,27,28,29,30], 9[13,14,15,16,17,18,19,20,21,22,23,24,25,26,27,28,29,30,31,32,33,34,35,36], 11[7,8,9,10,11,12,13,14,15,16,17,18,19,20,21,22,23,24,25,26,27,28,29,31,32,33,34]]
   00:00:00:00:00:09    00:00:00:00:00:12  [6[19,20,21,22,23,24], 8[13,14,15,16,17,18,19,20,21,22,23,24,25,26,27,28,29,30], 10[7,8,9,10,11,12,13,14,15,16,17,18,19,20,21,22,23,24,25,26,27,28,29,31,32,33,34,35]]
   00:00:00:00:00:09    00:00:00:00:00:13  [7[13,14,15,16,17,18,19,20,21,22,23,24], 9[7,8,9,10,11,12,13,14,15,16,17,18,19,20,21,22,23,24,25,26,27,28,29,30], 11[1,2,3,4,5,6,7,8,9,10,11,12,13,14,15,16,17,18,19,20,21,22,23,24]]
   00:00:00:00:00:09    00:00:00:00:00:14  [8[7,8,9,10,11,12,13,14,15,16,17,18,19,20,21,22,23,24], 10[1,2,3,4,5,6,7,8,9,10,11,12,13,14,15,16,17,18,19,20,21,22,23,24,25,26,27,28,29]]
   00:00:00:00:00:0a    00:00:00:00:00:01  [10[1,2,3,4,5,6,7,8,9,10,11,12,13,14,15,16,17,18,19,20,21,22,23,24,25,26,27,28,29,30], 12[1,2,3,4,5,6,7,8,9,10,11,12,13,14,15,16,17,18,24,30]]
   00:00:00:00:00:0a    00:00:00:00:00:02  [9[2,3,4,5,6,8,9,10,11,12,14,15,16,17,18,20,21,22,23,24,26,27,28,29,30], 11[1,2,3,4,5,6,7,8,9,10,11,12,13,14,15,16,17,18,19,20,21,22,23,24,26,27,28,29,30]]
   00:00:00:00:00:0a    00:00:00:00:00:03  [8[3,4,5,6,9,10,11,12,15,16,17,18,21,22,23,24,27,28,29,30], 10[2,3,4,5,6,8,9,10,11,12,14,15,16,17,18,20,21,22,23,24,26,27,28,29,30,33,34,35,36]]
   00:00:00:00:00:0a    00:00:00:00:00:04  [7[4,5,6,10,11,12,16,17,18,22,23,24,28,29,30], 9[3,4,5,6,9,10,11,12,15,16,17,18,21,22,23,24,27,28,29,30,34,35,36], 11[2,3,4,5,6,8,9,10,11,12,14,15,16,17,18,20,21,22,23,24,27,28,29,30,34,35]]
   00:00:00:00:00:0a    00:00:00:00:00:05  [6[5,6,11,12,17,18,23,24,29,30], 8[4,5,6,10,11,12,16,17,18,22,23,24,28,29,30,35,36], 10[3,4,5,6,9,10,11,12,15,16,17,18,21,22,23,24,27,28,29,30,34,35,36], 12[2,3,4,5,6,8,9,10,11,12,14,15,16,17,18,21,22,23,24,28,29,30]]
   00:00:00:00:00:0a    00:00:00:00:00:06  [5[6,12,18,24,30], 7[5,6,11,12,17,18,23,24,29,30], 9[4,5,6,10,11,12,16,17,18,22,23,24,28,29,30,35,36], 11[3,4,5,6,9,10,11,12,15,16,17,18,21,22,23,24,27,28,29,30,34,35,36]]
   00:00:00:00:00:0a    00:00:00:00:00:07  [4[12,18,24,30], 6[11,12,17,18,23,24,29,30], 8[5,6,10,11,12,16,17,18,22,23,24,28,29,30,35,36], 10[4,5,6,9,10,11,12,15,16,17,18,21,22,23,24,27,28,29,30,34,35,36], 12[3,4,5,6,8,9,10,11,12,14,15,16,17,18,20,21,22,23,24,27,28,29,30]]
   00:00:00:00:00:0a    00:00:00:00:00:08  [3[18,24,30], 5[17,18,23,24,29,30], 7[11,12,16,17,18,22,23,24,28,29,30,35,36], 9[5,6,10,11,12,15,16,17,18,21,22,23,24,27,28,29,30,34,35,36], 11[4,5,6,9,10,11,12,14,15,16,17,18,20,21,22,23,24,26,27,28,29,30,33,34,35,36], 13[3,4,5,6,9,10,11,12,15,16,17,18,23,24,30]]
   00:00:00:00:00:0a    00:00:00:00:00:09  [2[24,30], 4[23,24,29,30], 6[17,18,22,23,24,28,29,30,35,36], 8[11,12,16,17,18,21,22,23,24,27,28,29,30,34,35,36], 10[5,6,10,11,12,15,16,17,18,20,21,22,23,24,26,27,28,29,30,33,34,35,36], 12[4,5,6,9,10,11,12,14,15,16,17,18,19,20,21,22,23,24,25,26,27,28,29,30,32,33,34,35,36]]
   00:00:00:00:00:0a    00:00:00:00:00:0b  [2[30,36], 4[29,30,35,36], 6[23,24,28,29,30,34,35,36], 8[17,18,22,23,24,27,28,29,30,33,34,35,36], 10[11,12,16,17,18,21,22,23,24,26,27,28,29,30,32,33,34,35,36], 12[5,6,10,11,12,15,16,17,18,20,21,22,23,24,25,26,27,28,29,30,31,32,33,34,35,36], 14[4,5,6,9,10,11,12,14,15,16,17,18,20,21,22,23,24,26,27,28,29,30,33,34,35,36]]
   00:00:00:00:00:0a    00:00:00:00:00:0c  [3[29,30,35,36], 5[23,24,28,29,30,34,35], 7[17,18,22,23,24,27,28,29,30,33,34,35], 9[11,12,16,17,18,21,22,23,24,26,27,28,29,30,32,33,34,35], 11[5,6,10,11,12,15,16,17,18,20,21,22,23,24,25,26,27,28,29,30,31,32,33,34,35], 13[4,5,6,9,10,11,12,14,15,16,17,18,20,21,22,23,24,26,27,28,29,30,33,34,35]]
   00:00:00:00:00:0a    00:00:00:00:00:0d  [4[28,29,30,34,35,36], 6[22,23,24,27,28,29,30,33,34,35,36], 8[16,17,18,21,22,23,24,26,27,28,29,30,32,33,34,35,36], 10[10,11,12,15,16,17,18,20,21,22,23,24,25,26,27,28,29,30,31,32,33,34,35,36], 12[4,5,6,9,10,11,12,14,15,16,17,18,20,21,22,23,24,26,27,28,29,30,32,33,34,35]]
   00:00:00:00:00:0a    00:00:00:00:00:0e  [5[27,28,29,30,33,34,35,36], 7[21,22,23,24,26,27,28,29,30,32,33,34,35,36], 9[15,16,17,18,20,21,22,23,24,25,26,27,28,29,30,31,32,33,34,35,36], 11[9,10,11,12,14,15,16,17,18,19,20,21,22,23,24,25,26,27,28,29,30,31,32,33,34,35]]
   00:00:00:00:00:0a    00:00:00:00:00:0f  [6[26,27,28,29,30,32,33,34,35,36], 8[20,21,22,23,24,25,26,27,28,29,30,31,32,33,34,35,36], 10[14,15,16,17,18,19,20,21,22,23,24,25,26,27,28,29,30,31,32,33,34,35,36], 12[8,9,10,11,12,14,15,16,17,18,20,21,22,23,24,26,27,28,29,30,32,33,34,35]]
   00:00:00:00:00:0a    00:00:00:00:00:10  [7[25,26,27,28,29,30,31,32,33,34,35,36], 9[19,20,21,22,23,24,25,26,27,28,29,30,31,32,33,34,35,36], 11[13,14,15,16,17,18,19,20,21,22,23,24,25,26,27,28,29,30,31,32,33,34,35]]
   00:00:00:00:00:0a    00:00:00:00:00:11  [6[25,26,27,28,29,30], 8[19,20,21,22,23,24,25,26,27,28,29,30,31,32,33,34,35,36], 10[13,14,15,16,17,18,19,20,21,22,23,24,25,26,27,28,29,30,31,32,33,34,35,36]]
   00:00:00:00:00:0a    00:00:00:00:00:12  [7[19,20,21,22,23,24,25,26,27,28,29,30], 9[13,14,15,16,17,18,19,20,21,22,23,24,25,26,27,28,29,30,31,32,33,34,35,36], 11[7,8,9,10,11,12,13,14,15,16,17,18,19,20,21,22,23,24,25,26,27,28,29,30]]
   00:00:00:00:00:0a    00:00:00:00:00:13  [8[13,14,15,16,17,18,19,20,21,22,23,24,25,26,27,28,29,30], 10[7,8,9,10,11,12,13,14,15,16,17,18,19,20,21,22,23,24,25,26,27,28,29,30,31,32,33,34,35]]
   00:00:00:00:00:0a    00:00:00:00:00:14  [9[7,8,9,10,11,12,13,14,15,16,17,18,19,20,21,22,23,24,25,26,27,28,29,30], 11[1,2,3,4,5,6,7,8,9,10,11,12,13,14,15,16,17,18,19,20,21,22,23,24,30]]
   00:00:00:00:00:0b    00:00:00:00:00:01  [11[1,2,3,4,5,6,7,8,9,10,11,12,13,14,15,16,17,18,19,20,21,22,23,24,25,26,27,28,29,30,34,35,36]]
   00:00:00:00:00:0b    00:00:00:00:00:02  [10[2,3,4,5,6,8,9,10,11,12,14,15,16,17,18,20,21,22,23,24,26,27,28,29,30,32,33,34,35,36], 12[1,2,3,4,5,6,7,8,9,10,11,12,13,14,15,16,17,18,20,21,22,23,24,30,36]]
   00:00:00:00:00:0b    00:00:00:00:00:03  [9[3,4,5,6,9,10,11,12,15,16,17,18,21,22,23,24,27,28,29,30,33,34,35,36], 11[2,3,4,5,6,8,9,10,11,12,14,15,16,17,18,20,21,22,23,24,26,27,28,29,30,36]]
   00:00:00:00:00:0b    00:00:00:00:00:04  [8[4,5,6,10,11,12,16,17,18,22,23,24,28,29,30,34,35,36], 10[3,4,5,6,9,10,11,12,15,16,17,18,21,22,23,24,27,28,29,30,33,34,35,36], 12[2,3,4,5,6,8,9,10,11,12,14,15,16,17,18,21,22,23,24,28,29,30,36]]
   00:00:00:00:00:0b    00:00:00:00:00:05  [7[5,6,11,12,17,18,23,24,29,30,35,36], 9[4,5,6,10,11,12,16,17,18,22,23,24,28,29,30,34,35,36], 11[3,4,5,6,9,10,11,12,15,16,17,18,21,22,23,24,27,28,29,30,34,35,36]]
   00:00:00:00:00:0b    00:00:00:00:00:06  [6[6,12,18,24,30,36], 8[5,6,11,12,17,18,23,24,29,30,35,36], 10[4,5,6,10,11,12,16,17,18,22,23,24,28,29,30,34,35,36], 12[3,4,5,6,9,10,11,12,15,16,17,18,21,22,23,24,28,29,30,36]]
   00:00:00:00:00:0b    00:00:00:00:00:07  [5[12,18,24,30,36], 7[11,12,17,18,23,24,29,30,35,36], 9[5,6,10,11,12,16,17,18,22,23,24,28,29,30,34,35,36], 11[4,5,6,9,10,11,12,15,16,17,18,21,22,23,24,27,28,29,30,34,35,36]]
   00:00:00:00:00:0b    00:00:00:00:00:08  [4[18,24,30,36], 6[17,18,23,24,29,30,35,36], 8[11,12,16,17,18,22,23,24,28,29,30,34,35,36], 10[5,6,10,11,12,15,16,17,18,21,22,23,24,27,28,29,30,33,34,35,36], 12[4,5,6,9,10,11,12,14,15,16,17,18,20,21,22,23,24,26,27,28,29,30,33,34,35,36]]
   00:00:00:00:00:0b    00:00:00:00:00:09  [3[24,30,36], 5[23,24,29,30,35,36], 7[17,18,22,23,24,28,29,30,34,35,36], 9[11,12,16,17,18,21,22,23,24,27,28,29,30,33,34,35,36], 11[5,6,10,11,12,15,16,17,18,20,21,22,23,24,26,27,28,29,30,32,33,34,35,36], 13[4,5,6,9,10,11,12,14,15,16,17,18,19,20,21,22,23,24,25,26,27,28,29,30,32,33,34,36]]
   00:00:00:00:00:0b    00:00:00:00:00:0a  [2[30,36], 4[29,30,35,36], 6[23,24,28,29,30,34,35,36], 8[17,18,22,23,24,27,28,29,30,33,34,35,36], 10[11,12,16,17,18,21,22,23,24,26,27,28,29,30,32,33,34,35,36], 12[5,6,10,11,12,15,16,17,18,20,21,22,23,24,25,26,27,28,29,30,31,32,33,34,35,36], 14[4,5,6,9,10,11,12,14,15,16,17,18,19,20,21,22,23,24,25,26,27,28,29,30,32,33,34,35,36]]
   00:00:00:00:00:0b    00:00:00:00:00:0c  [2[35,36], 4[29,30,35,36], 6[23,24,28,29,30,34,35,36], 8[17,18,22,23,24,27,28,29,30,33,34,35,36], 10[11,12,16,17,18,21,22,23,24,26,27,28,29,30,32,33,34,35,36], 12[5,6,10,11,12,15,16,17,18,20,21,22,23,24,25,26,27,28,29,30,31,32,33,34,35,36], 14[4,5,6,9,10,11,12,14,15,16,17,18,20,21,22,23,24,26,27,28,29,30,33,34,35,36]]
   00:00:00:00:00:0b    00:00:00:00:00:0d  [3[34,35,36], 5[28,29,30,34,35,36], 7[22,23,24,27,28,29,30,33,34,35,36], 9[16,17,18,21,22,23,24,26,27,28,29,30,32,33,34,35,36], 11[10,11,12,15,16,17,18,20,21,22,23,24,25,26,27,28,29,30,31,32,33,34,35,36], 13[4,5,6,9,10,11,12,14,15,16,17,18,20,21,22,23,24,26,27,28,29,30,32,33,34,35,36]]
   00:00:00:00:00:0b    00:00:00:00:00:0e  [4[33,34,35,36], 6[27,28,29,30,33,34,35,36], 8[21,22,23,24,26,27,28,29,30,32,33,34,35,36], 10[15,16,17,18,20,21,22,23,24,25,26,27,28,29,30,31,32,33,34,35,36], 12[9,10,11,12,14,15,16,17,18,19,20,21,22,23,24,25,26,27,28,29,30,31,32,33,34,35,36]]
   00:00:00:00:00:0b    00:00:00:00:00:0f  [5[32,33,34,35,36], 7[26,27,28,29,30,32,33,34,35,36], 9[20,21,22,23,24,25,26,27,28,29,30,31,32,33,34,35,36], 11[14,15,16,17,18,19,20,21,22,23,24,25,26,27,28,29,30,31,32,33,34,35,36]]
   00:00:00:00:00:0b    00:00:00:00:00:10  [6[31,32,33,34,35,36], 8[25,26,27,28,29,30,31,32,33,34,35,36], 10[19,20,21,22,23,24,25,26,27,28,29,30,31,32,33,34,35,36], 12[13,14,15,16,17,18,19,20,21,22,23,24,25,26,27,28,29,30,31,32,33,34,35,36]]
   00:00:00:00:00:0b    00:00:00:00:00:11  [7[25,26,27,28,29,30,31,32,33,34,35,36], 9[19,20,21,22,23,24,25,26,27,28,29,30,31,32,33,34,35,36], 11[13,14,15,16,17,18,19,20,21,22,23,24,25,26,27,28,29,30,31,32,33,34,35,36]]
   00:00:00:00:00:0b    00:00:00:00:00:12  [8[19,20,21,22,23,24,25,26,27,28,29,30,31,32,33,34,35,36], 10[13,14,15,16,17,18,19,20,21,22,23,24,25,26,27,28,29,30,31,32,33,34,35,36], 12[7,8,9,10,11,12,13,14,15,16,17,18,19,20,21,22,23,24,30,36]]
   00:00:00:00:00:0b    00:00:00:00:00:13  [9[13,14,15,16,17,18,19,20,21,22,23,24,25,26,27,28,29,30,31,32,33,34,35,36], 11[7,8,9,10,11,12,13,14,15,16,17,18,19,20,21,22,23,24,25,26,27,28,29,30,36]]
   00:00:00:00:00:0b    00:00:00:00:00:14  [10[7,8,9,10,11,12,13,14,15,16,17,18,19,20,21,22,23,24,25,26,27,28,29,30,31,32,33,34,35,36], 12[1,2,3,4,5,6,7,8,9,10,11,12,13,14,15,16,17,18,19,20,21,22,23,24,30,36]]
   00:00:00:00:00:0c    00:00:00:00:00:01  [10[1,2,3,4,5,7,8,9,10,11,13,14,15,16,17,19,20,21,22,23,25,26,27,28,29,31,32,33,34,35], 12[1,2,3,4,5,6,7,8,9,10,11,12,13,14,15,16,17,18,19,20,21,22,23,29,35]]
   00:00:00:00:00:0c    00:00:00:00:00:02  [9[2,3,4,5,8,9,10,11,14,15,16,17,20,21,22,23,26,27,28,29,32,33,34,35], 11[1,2,3,4,5,6,7,8,9,10,11,12,13,14,15,16,17,18,19,20,21,22,23,24,26,27,28,29,35]]
   00:00:00:00:00:0c    00:00:00:00:00:03  [8[3,4,5,9,10,11,15,16,17,21,22,23,27,28,29,33,34,35], 10[2,3,4,5,6,8,9,10,11,12,14,15,16,17,18,20,21,22,23,24,26,27,28,29,30,32,33,34,35]]
   00:00:00:00:00:0c    00:00:00:00:00:04  [7[4,5,10,11,16,17,22,23,28,29,34,35], 9[3,4,5,6,9,10,11,12,15,16,17,18,21,22,23,24,27,28,29,30,33,34,35,36], 11[2,3,4,5,6,8,9,10,11,12,14,15,16,17,18,20,21,22,23,24,27,28,29,35]]
   00:00:00:00:00:0c    00:00:00:00:00:05  [6[5,11,17,23,29,35], 8[4,5,6,10,11,12,16,17,18,22,23,24,28,29,30,34,35,36], 10[3,4,5,6,9,10,11,12,15,16,17,18,21,22,23,24,27,28,29,30,33,34,35,36]]
   00:00:00:00:00:0c    00:00:00:00:00:06  [7[5,6,11,12,17,18,23,24,29,30,35,36], 9[4,5,6,10,11,12,16,17,18,22,23,24,28,29,30,34,35,36], 11[3,4,5,6,9,10,11,12,15,16,17,18,21,22,23,24,27,28,29,30,34,35]]
   00:00:00:00:00:0c    00:00:00:00:00:07  [6[11,12,17,18,23,24,29,30,35,36], 8[5,6,10,11,12,16,17,18,22,23,24,28,29,30,34,35,36], 10[4,5,6,9,10,11,12,15,16,17,18,21,22,23,24,27,28,29,30,33,34,35,36], 12[3,4,5,6,8,9,10,11,12,14,15,16,17,18,20,21,22,23,29,35]]
   00:00:00:00:00:0c    00:00:00:00:00:08  [5[17,18,23,24,29,30,35,36], 7[11,12,16,17,18,22,23,24,28,29,30,34,35,36], 9[5,6,10,11,12,15,16,17,18,21,22,23,24,27,28,29,30,33,34,35,36], 11[4,5,6,9,10,11,12,14,15,16,17,18,20,21,22,23,24,26,27,28,29,30,33,34,35]]
   00:00:00:00:00:0c    00:00:00:00:00:09  [4[23,24,29,30,35,36], 6[17,18,22,23,24,28,29,30,34,35,36], 8[11,12,16,17,18,21,22,23,24,27,28,29,30,33,34,35,36], 10[5,6,10,11,12,15,16,17,18,20,21,22,23,24,26,27,28,29,30,32,33,34,35,36], 12[4,5,6,9,10,11,12,14,15,16,17,18,19,20,21,22,23,24,25,26,27,28,29,30,32,33,34,35]]
   00:00:00:00:00:0c    00:00:00:00:00:0a  [3[29,30,35,36], 5[23,24,28,29,30,34,35], 7[17,18,22,23,24,27,28,29,30,33,34,35], 9[11,12,16,17,18,21,22,23,24,26,27,28,29,30,32,33,34,35], 11[5,6,10,11,12,15,16,17,18,20,21,22,23,24,25,26,27,28,29,30,31,32,33,34,35], 13[4,5,6,9,10,11,12,14,15,16,17,18,19,20,21,22,23,24,25,26,27,28,29,30,32,33,34,35]]
   00:00:00:00:00:0c    00:00:00:00:00:0b  [2[35,36], 4[29,30,35,36], 6[23,24,28,29,30,34,35,36], 8[17,18,22,23,24,27,28,29,30,33,34,35,36], 10[11,12,16,17,18,21,22,23,24,26,27,28,29,30,32,33,34,35,36], 12[5,6,10,11,12,15,16,17,18,20,21,22,23,24,25,26,27,28,29,30,31,32,33,34,35,36], 14[4,5,6,9,10,11,12,14,15,16,17,18,19,20,21,22,23,24,25,26,27,28,29,30,32,33,34,35,36]]
   00:00:00:00:00:0c    00:00:00:00:00:0d  [2[34,35], 4[28,29,34,35], 6[22,23,27,28,29,30,33,34,35,36], 8[16,17,21,22,23,24,26,27,28,29,30,32,33,34,35,36], 10[10,11,15,16,17,18,20,21,22,23,24,25,26,27,28,29,30,31,32,33,34,35,36], 12[4,5,9,10,11,12,14,15,16,17,18,19,20,21,22,23,24,25,26,27,28,29,30,31,32,33,34,35,36]]
   00:00:00:00:00:0c    00:00:00:00:00:0e  [3[33,34,35], 5[27,28,29,33,34,35], 7[21,22,23,26,27,28,29,30,32,33,34,35,36], 9[15,16,17,20,21,22,23,24,25,26,27,28,29,30,31,32,33,34,35,36], 11[9,10,11,14,15,16,17,18,19,20,21,22,23,24,25,26,27,28,29,30,31,32,33,34,35,36], 13[3,4,5,8,9,10,11,14,15,16,17,21,22,23,27,28,29,33,34,35]]
   00:00:00:00:00:0c    00:00:00:00:00:0f  [4[32,33,34,35], 6[26,27,28,29,32,33,34,35], 8[20,21,22,23,25,26,27,28,29,30,31,32,33,34,35,36], 10[14,15,16,17,19,20,21,22,23,24,25,26,27,28,29,30,31,32,33,34,35,36], 12[8,9,10,11,13,14,15,16,17,19,20,21,22,23,25,26,27,28,29,31,32,33,34,35]]
   00:00:00:00:00:0c    00:00:00:00:00:10  [5[31,32,33,34,35], 7[25,26,27,28,29,31,32,33,34,35], 9[19,20,21,22,23,25,26,27,28,29,30,31,32,33,34,35,36], 11[13,14,15,16,17,19,20,21,22,23,24,25,26,27,28,29,30,31,32,33,34,35,36]]
   00:00:00:00:00:0c    00:00:00:00:00:11  [6[25,26,27,28,29,31,32,33,34,35], 8[19,20,21,22,23,25,26,27,28,29,30,31,32,33,34,35,36], 10[13,14,15,16,17,19,20,21,22,23,24,25,26,27,28,29,30,31,32,33,34,35,36], 12[7,8,9,10,11,13,14,15,16,17,19,20,21,22,23,25,26,27,28,29,31,32,35]]
   00:00:00:00:00:0c    00:00:00:00:00:12  [7[19,20,21,22,23,25,26,27,28,29,31,32,33,34,35], 9[13,14,15,16,17,19,20,21,22,23,24,25,26,27,28,29,30,31,32,33,34,35,36], 11[7,8,9,10,11,13,14,15,16,17,18,19,20,21,22,23,24,25,26,27,28,29,31,32,33,34,35]]
   00:00:00:00:00:0c    00:00:00:00:00:13  [8[13,14,15,16,17,19,20,21,22,23,25,26,27,28,29,31,32,33,34,35], 10[7,8,9,10,11,13,14,15,16,17,18,19,20,21,22,23,24,25,26,27,28,29,30,31,32,33,34,35,36]]
   00:00:00:00:00:0c    00:00:00:00:00:14  [9[7,8,9,10,11,13,14,15,16,17,19,20,21,22,23,25,26,27,28,29,31,32,33,34,35], 11[1,2,3,4,5,7,8,9,10,11,12,13,14,15,16,17,18,19,20,21,22,23,24,25,26,27,28,29,35]]
   00:00:00:00:00:0d    00:00:00:00:00:01  [9[1,2,3,4,7,8,9,10,13,14,15,16,19,20,21,22,25,26,27,28,31,32,33,34], 11[1,2,3,4,5,7,8,9,10,11,13,14,15,16,17,19,20,21,22,23,25,26,27,28,29,31,32,33,34]]
   00:00:00:00:00:0d    00:00:00:00:00:02  [8[2,3,4,8,9,10,14,15,16,20,21,22,26,27,28,32,33,34], 10[1,2,3,4,5,7,8,9,10,11,13,14,15,16,17,19,20,21,22,23,25,26,27,28,29,31,32,33,34]]
   00:00:00:00:00:0d    00:00:00:00:00:03  [7[3,4,9,10,15,16,21,22,27,28,33,34], 9[2,3,4,5,8,9,10,11,14,15,16,17,20,21,22,23,26,27,28,29,32,33,34,35], 11[1,2,3,4,5,6,7,8,9,10,11,12,13,14,15,16,17,18,19,20,21,22,23,24,26,27,28,34]]
   00:00:00:00:00:0d    00:00:00:00:00:04  [6[4,10,16,22,28,34], 8[3,4,5,9,10,11,15,16,17,21,22,23,27,28,29,33,34,35], 10[2,3,4,5,6,8,9,10,11,12,14,15,16,17,18,20,21,22,23,24,26,27,28,29,30,32,33,34]]
   00:00:00:00:00:0d    00:00:00:00:00:05  [7[4,5,10,11,16,17,22,23,28,29,34,35], 9[3,4,5,6,9,10,11,12,15,16,17,18,21,22,23,24,27,28,29,30,33,34,35,36], 11[2,3,4,5,6,8,9,10,11,12,14,15,16,17,18,20,21,22,23,24,26,27,28,29,30,34]]
   00:00:00:00:00:0d    00:00:00:00:00:06  [8[4,5,6,10,11,12,16,17,18,22,23,24,28,29,30,34,35,36], 10[3,4,5,6,9,10,11,12,15,16,17,18,21,22,23,24,27,28,29,30,33,34,35,36], 12[2,3,4,5,6,8,9,10,11,12,14,15,16,17,18,21,22,23,24,28,29,30,34]]
   00:00:00:00:00:0d    00:00:00:00:00:07  [7[10,11,12,16,17,18,22,23,24,28,29,30,34,35,36], 9[4,5,6,9,10,11,12,15,16,17,18,21,22,23,24,27,28,29,30,33,34,35,36], 11[3,4,5,6,8,9,10,11,12,14,15,16,17,18,20,21,22,23,24,26,27,28,29,30,34,35,36]]
   00:00:00:00:00:0d    00:00:00:00:00:08  [6[16,17,18,22,23,24,28,29,30,34,35,36], 8[10,11,12,15,16,17,18,21,22,23,24,27,28,29,30,33,34,35,36], 10[4,5,6,9,10,11,12,14,15,16,17,18,20,21,22,23,24,26,27,28,29,30,32,33,34,35,36], 12[3,4,5,6,8,9,10,11,12,14,15,16,17,18,21,22,23,24,28,29,30,34,35,36]]
   00:00:00:00:00:0d    00:00:00:00:00:09  [5[22,23,24,28,29,30,34,35,36], 7[16,17,18,21,22,23,24,27,28,29,30,33,34,35,36], 9[10,11,12,15,16,17,18,20,21,22,23,24,26,27,28,29,30,32,33,34,35,36], 11[4,5,6,9,10,11,12,14,15,16,17,18,19,20,21,22,23,24,25,26,27,28,29,30,32,33,34,35,36]]
   00:00:00:00:00:0d    00:00:00:00:00:0a  [4[28,29,30,34,35,36], 6[22,23,24,27,28,29,30,33,34,35,36], 8[16,17,18,21,22,23,24,26,27,28,29,30,32,33,34,35,36], 10[10,11,12,15,16,17,18,20,21,22,23,24,25,26,27,28,29,30,31,32,33,34,35,36], 12[4,5,6,9,10,11,12,14,15,16,17,18,19,20,21,22,23,24,25,26,27,28,29,30,32,33,34,35,36]]
   00:00:00:00:00:0d    00:00:00:00:00:0b  [3[34,35,36], 5[28,29,30,34,35,36], 7[22,23,24,27,28,29,30,33,34,35,36], 9[16,17,18,21,22,23,24,26,27,28,29,30,32,33,34,35,36], 11[10,11,12,15,16,17,18,20,21,22,23,24,25,26,27,28,29,30,31,32,33,34,35,36], 13[4,5,6,9,10,11,12,14,15,16,17,18,20,21,22,23,24,27,28,29,30,34,35,36]]
   00:00:00:00:00:0d    00:00:00:00:00:0c  [2[34,35], 4[28,29,34,35], 6[22,23,27,28,29,30,33,34,35,36], 8[16,17,21,22,23,24,26,27,28,29,30,32,33,34,35,36], 10[10,11,15,16,17,18,20,21,22,23,24,25,26,27,28,29,30,31,32,33,34,35,36], 12[4,5,9,10,11,12,14,15,16,17,18,19,20,21,22,23,24,25,26,27,28,29,30,32,33,34,35,36]]
   00:00:00:00:00:0d    00:00:00:00:00:0e  [2[33,34], 4[27,28,33,34], 6[21,22,26,27,28,29,32,33,34,35], 8[15,16,20,21,22,23,25,26,27,28,29,30,31,32,33,34,35,36], 10[9,10,14,15,16,17,19,20,21,22,23,24,25,26,27,28,29,30,31,32,33,34,35,36], 12[3,4,8,9,10,11,13,14,15,16,17,18,19,20,21,22,23,24,25,26,27,28,29,30,31,32,33,34,35,36]]
   00:00:00:00:00:0d    00:00:00:00:00:0f  [3[32,33,34], 5[26,27,28,32,33,34], 7[20,21,22,25,26,27,28,29,31,32,33,34,35], 9[14,15,16,19,20,21,22,23,25,26,27,28,29,30,31,32,33,34,35,36], 11[8,9,10,13,14,15,16,17,19,20,21,22,23,24,25,26,27,28,29,30,31,32,33,34,35,36], 13[2,3,4,7,8,9,10,13,14,15,16,20,21,22,26,27,28,32,33,34]]
   00:00:00:00:00:0d    00:00:00:00:00:10  [4[31,32,33,34], 6[25,26,27,28,31,32,33,34], 8[19,20,21,22,25,26,27,28,29,31,32,33,34,35], 10[13,14,15,16,19,20,21,22,23,25,26,27,28,29,30,31,32,33,34,35,36], 12[7,8,9,10,13,14,15,16,17,19,20,21,22,23,25,26,27,28,29,31,32,33,34]]
   00:00:00:00:00:0d    00:00:00:00:00:11  [5[25,26,27,28,31,32,33,34], 7[19,20,21,22,25,26,27,28,29,31,32,33,34,35], 9[13,14,15,16,19,20,21,22,23,25,26,27,28,29,30,31,32,33,34,35,36], 11[7,8,9,10,13,14,15,16,17,19,20,21,22,23,24,25,26,27,28,29,30,31,32,33,34,35]]
   00:00:00:00:00:0d    00:00:00:00:00:12  [6[19,20,21,22,25,26,27,28,31,32,33,34], 8[13,14,15,16,19,20,21,22,23,25,26,27,28,29,31,32,33,34,35], 10[7,8,9,10,13,14,15,16,17,19,20,21,22,23,24,25,26,27,28,29,30,31,32,33,34,35,36], 12[1,2,3,4,7,8,9,10,13,14,15,16,19,20,21,22,25,26,27,28,34]]
   00:00:00:00:00:0d    00:00:00:00:00:13  [7[13,14,15,16,19,20,21,22,25,26,27,28,31,32,33,34], 9[7,8,9,10,13,14,15,16,17,19,20,21,22,23,25,26,27,28,29,31,32,33,34,35], 11[1,2,3,4,7,8,9,10,11,13,14,15,16,17,18,19,20,21,22,23,24,25,26,27,28,29,31,32,33,34]]
   00:00:00:00:00:0d    00:00:00:00:00:14  [8[7,8,9,10,13,14,15,16,19,20,21,22,25,26,27,28,31,32,33,34], 10[1,2,3,4,7,8,9,10,11,13,14,15,16,17,19,20,21,22,23,25,26,27,28,29,31,32,33,34,35]]
   00:00:00:00:00:0e    00:00:00:00:00:01  [8[1,2,3,7,8,9,13,14,15,19,20,21,25,26,27,31,32,33], 10[1,2,3,4,7,8,9,10,13,14,15,16,19,20,21,22,25,26,27,28,31,32,33,34], 12[1,2,3,4,5,7,8,9,10,11,13,14,15,16,17,19,20,21,25,26,27,33]]
   00:00:00:00:00:0e    00:00:00:00:00:02  [7[2,3,8,9,14,15,20,21,26,27,32,33], 9[1,2,3,4,7,8,9,10,13,14,15,16,19,20,21,22,25,26,27,28,31,32,33,34], 11[1,2,3,4,5,7,8,9,10,11,13,14,15,16,17,19,20,21,22,23,25,26,27,28,31,32,33]]
   00:00:00:00:00:0e    00:00:00:00:00:03  [6[3,9,15,21,27,33], 8[2,3,4,8,9,10,14,15,16,20,21,22,26,27,28,32,33,34], 10[1,2,3,4,5,7,8,9,10,11,13,14,15,16,17,19,20,21,22,23,25,26,27,28,29,31,32,33]]
   00:00:00:00:00:0e    00:00:00:00:00:04  [7[3,4,9,10,15,16,21,22,27,28,33,34], 9[2,3,4,5,8,9,10,11,14,15,16,17,20,21,22,23,26,27,28,29,32,33,34,35], 11[1,2,3,4,5,6,7,8,9,10,11,12,13,14,15,16,17,18,19,20,21,22,23,24,26,27,28,29,33]]
   00:00:00:00:00:0e    00:00:00:00:00:05  [8[3,4,5,9,10,11,15,16,17,21,22,23,27,28,29,33,34,35], 10[2,3,4,5,6,8,9,10,11,12,14,15,16,17,18,20,21,22,23,24,26,27,28,29,30,32,33,34,35]]
   00:00:00:00:00:0e    00:00:00:00:00:06  [9[3,4,5,6,9,10,11,12,15,16,17,18,21,22,23,24,27,28,29,30,33,34,35,36], 11[2,3,4,5,6,8,9,10,11,12,14,15,16,17,18,20,21,22,23,24,26,27,28,29,30,33]]
   00:00:00:00:00:0e    00:00:00:00:00:07  [8[9,10,11,12,15,16,17,18,21,22,23,24,27,28,29,30,33,34,35,36], 10[3,4,5,6,8,9,10,11,12,14,15,16,17,18,20,21,22,23,24,26,27,28,29,30,32,33,34,35,36]]
   00:00:00:00:00:0e    00:00:00:00:00:08  [7[15,16,17,18,21,22,23,24,27,28,29,30,33,34,35,36], 9[9,10,11,12,14,15,16,17,18,20,21,22,23,24,26,27,28,29,30,32,33,34,35,36], 11[3,4,5,6,8,9,10,11,12,13,14,15,16,17,18,19,20,21,22,23,24,25,26,27,28,29,30,33,34,35,36]]
   00:00:00:00:00:0e    00:00:00:00:00:09  [6[21,22,23,24,27,28,29,30,33,34,35,36], 8[15,16,17,18,20,21,22,23,24,26,27,28,29,30,32,33,34,35,36], 10[9,10,11,12,14,15,16,17,18,19,20,21,22,23,24,25,26,27,28,29,30,31,32,33,34,35,36], 12[3,4,5,6,8,9,10,11,12,14,15,16,17,18,21,22,23,24,27,28,29,30,33]]
   00:00:00:00:00:0e    00:00:00:00:00:0a  [5[27,28,29,30,33,34,35,36], 7[21,22,23,24,26,27,28,29,30,32,33,34,35,36], 9[15,16,17,18,20,21,22,23,24,25,26,27,28,29,30,31,32,33,34,35,36], 11[9,10,11,12,14,15,16,17,18,19,20,21,22,23,24,25,26,27,28,29,30,32,33,34,35,36]]
   00:00:00:00:00:0e    00:00:00:00:00:0b  [4[33,34,35,36], 6[27,28,29,30,33,34,35,36], 8[21,22,23,24,26,27,28,29,30,32,33,34,35,36], 10[15,16,17,18,20,21,22,23,24,25,26,27,28,29,30,31,32,33,34,35,36], 12[9,10,11,12,14,15,16,17,18,19,20,21,22,23,24,25,26,27,28,29,30,33,34,35,36]]
   00:00:00:00:00:0e    00:00:00:00:00:0c  [3[33,34,35], 5[27,28,29,33,34,35], 7[21,22,23,26,27,28,29,30,32,33,34,35,36], 9[15,16,17,20,21,22,23,24,25,26,27,28,29,30,31,32,33,34,35,36], 11[9,10,11,14,15,16,17,18,19,20,21,22,23,24,25,26,27,28,29,30,31,32,33,34,35,36], 13[3,4,5,9,10,11,12,15,16,17,18,21,22,23,27,28,29,33,34,35]]
   00:00:00:00:00:0e    00:00:00:00:00:0d  [2[33,34], 4[27,28,33,34], 6[21,22,26,27,28,29,32,33,34,35], 8[15,16,20,21,22,23,25,26,27,28,29,30,31,32,33,34,35,36], 10[9,10,14,15,16,17,19,20,21,22,23,24,25,26,27,28,29,30,31,32,33,34,35,36], 12[3,4,8,9,10,11,13,14,15,16,17,18,19,20,21,22,23,24,25,26,27,28,29,30,31,32,33,34,35,36]]
   00:00:00:00:00:0e    00:00:00:00:00:0f  [2[32,33], 4[26,27,32,33], 6[20,21,25,26,27,28,31,32,33,34], 8[14,15,19,20,21,22,25,26,27,28,29,31,32,33,34,35], 10[8,9,13,14,15,16,19,20,21,22,23,25,26,27,28,29,30,31,32,33,34,35,36], 12[2,3,7,8,9,10,13,14,15,16,17,19,20,21,22,23,24,25,26,27,28,29,30,31,32,33,34,35]]
   00:00:00:00:00:0e    00:00:00:00:00:10  [3[31,32,33], 5[25,26,27,31,32,33], 7[19,20,21,25,26,27,28,31,32,33,34], 9[13,14,15,19,20,21,22,25,26,27,28,29,31,32,33,34,35], 11[7,8,9,13,14,15,16,19,20,21,22,23,25,26,27,28,29,30,31,32,33,34,35,36], 13[1,2,3,7,8,9,10,13,14,15,16,17,19,20,21,22,23,25,26,27,28,31,32,33]]
   00:00:00:00:00:0e    00:00:00:00:00:11  [4[25,26,27,31,32,33], 6[19,20,21,25,26,27,28,31,32,33,34], 8[13,14,15,19,20,21,22,25,26,27,28,29,31,32,33,34,35], 10[7,8,9,13,14,15,16,19,20,21,22,23,25,26,27,28,29,30,31,32,33,34,35,36], 12[1,2,3,7,8,9,10,13,14,15,16,17,19,20,21,22,23,24,25,26,27,28,29,30,31,32,33,34,35]]
   00:00:00:00:00:0e    00:00:00:00:00:12  [5[19,20,21,25,26,27,31,32,33], 7[13,14,15,19,20,21,22,25,26,27,28,31,32,33,34], 9[7,8,9,13,14,15,16,19,20,21,22,23,25,26,27,28,29,31,32,33,34,35], 11[1,2,3,7,8,9,10,13,14,15,16,17,19,20,21,22,23,24,25,26,27,28,29,30,31,32,33,34,35]]
   00:00:00:00:00:0e    00:00:00:00:00:13  [6[13,14,15,19,20,21,25,26,27,31,32,33], 8[7,8,9,13,14,15,16,19,20,21,22,25,26,27,28,31,32,33,34], 10[1,2,3,7,8,9,10,13,14,15,16,17,19,20,21,22,23,25,26,27,28,29,31,32,33,34,35], 12[1,2,3,4,7,8,9,10,11,13,14,15,16,17,19,20,21,22,25,26,27,31,32,33]]
   00:00:00:00:00:0e    00:00:00:00:00:14  [7[7,8,9,13,14,15,19,20,21,25,26,27,31,32,33], 9[1,2,3,7,8,9,10,13,14,15,16,19,20,21,22,25,26,27,28,31,32,33,34], 11[1,2,3,4,7,8,9,10,11,13,14,15,16,17,19,20,21,22,23,25,26,27,28,29,31,32,33]]
   00:00:00:00:00:0f    00:00:00:00:00:01  [7[1,2,7,8,13,14,19,20,25,26,31,32], 9[1,2,3,7,8,9,13,14,15,19,20,21,25,26,27,31,32,33], 11[1,2,3,4,7,8,9,10,13,14,15,16,19,20,21,22,25,26,27,28,31,32,33]]
   00:00:00:00:00:0f    00:00:00:00:00:02  [6[2,8,14,20,26,32], 8[1,2,3,7,8,9,13,14,15,19,20,21,25,26,27,31,32,33], 10[1,2,3,4,7,8,9,10,13,14,15,16,19,20,21,22,25,26,27,28,31,32,33,34]]
   00:00:00:00:00:0f    00:00:00:00:00:03  [7[2,3,8,9,14,15,20,21,26,27,32,33], 9[1,2,3,4,7,8,9,10,13,14,15,16,19,20,21,22,25,26,27,28,31,32,33,34], 11[1,2,3,4,5,7,8,9,10,11,13,14,15,16,17,19,20,21,22,23,25,26,27,28,32]]
   00:00:00:00:00:0f    00:00:00:00:00:04  [8[2,3,4,8,9,10,14,15,16,20,21,22,26,27,28,32,33,34], 10[1,2,3,4,5,7,8,9,10,11,13,14,15,16,17,19,20,21,22,23,25,26,27,28,29,31,32,33,34]]
   00:00:00:00:00:0f    00:00:00:00:00:05  [9[2,3,4,5,8,9,10,11,14,15,16,17,20,21,22,23,26,27,28,29,32,33,34,35], 11[1,2,3,4,5,6,7,8,9,10,11,12,13,14,15,16,17,18,19,20,21,22,23,24,25,26,27,28,29,32]]
   00:00:00:00:00:0f    00:00:00:00:00:06  [10[2,3,4,5,6,8,9,10,11,12,14,15,16,17,18,20,21,22,23,24,26,27,28,29,30,32,33,34,35,36], 12[1,2,3,4,5,6,7,8,9,10,11,12,13,14,15,16,17,18,19,20,21,22,23,24,26,32]]
   00:00:00:00:00:0f    00:00:00:00:00:07  [9[8,9,10,11,12,14,15,16,17,18,20,21,22,23,24,26,27,28,29,30,32,33,34,35,36], 11[2,3,4,5,6,7,8,9,10,11,12,13,14,15,16,17,18,19,20,21,22,23,24,25,26,27,28,29,30,32]]
   00:00:00:00:00:0f    00:00:00:00:00:08  [8[14,15,16,17,18,20,21,22,23,24,26,27,28,29,30,32,33,34,35,36], 10[8,9,10,11,12,13,14,15,16,17,18,19,20,21,22,23,24,25,26,27,28,29,30,31,32,33,34,35,36]]
   00:00:00:00:00:0f    00:00:00:00:00:09  [7[20,21,22,23,24,26,27,28,29,30,32,33,34,35,36], 9[14,15,16,17,18,19,20,21,22,23,24,25,26,27,28,29,30,31,32,33,34,35,36], 11[8,9,10,11,12,13,14,15,16,17,18,19,20,21,22,23,24,25,26,27,28,29,30,32,33,34,35,36]]
   00:00:00:00:00:0f    00:00:00:00:00:0a  [6[26,27,28,29,30,32,33,34,35,36], 8[20,21,22,23,24,25,26,27,28,29,30,31,32,33,34,35,36], 10[14,15,16,17,18,19,20,21,22,23,24,25,26,27,28,29,30,31,32,33,34,35,36], 12[8,9,10,11,12,14,15,16,17,18,20,21,22,23,24,26,27,28,29,30,32,35,36]]
   00:00:00:00:00:0f    00:00:00:00:00:0b  [5[32,33,34,35,36], 7[26,27,28,29,30,32,33,34,35,36], 9[20,21,22,23,24,25,26,27,28,29,30,31,32,33,34,35,36], 11[14,15,16,17,18,19,20,21,22,23,24,25,26,27,28,29,30,31,32,33,34,35,36]]
   00:00:00:00:00:0f    00:00:00:00:00:0c  [4[32,33,34,35], 6[26,27,28,29,32,33,34,35], 8[20,21,22,23,25,26,27,28,29,30,31,32,33,34,35,36], 10[14,15,16,17,19,20,21,22,23,24,25,26,27,28,29,30,31,32,33,34,35,36], 12[8,9,10,11,13,14,15,16,17,18,19,20,21,22,23,24,26,27,28,29,30,32,33,34,35,36]]
   00:00:00:00:00:0f    00:00:00:00:00:0d  [3[32,33,34], 5[26,27,28,32,33,34], 7[20,21,22,25,26,27,28,29,31,32,33,34,35], 9[14,15,16,19,20,21,22,23,25,26,27,28,29,30,31,32,33,34,35,36], 11[8,9,10,13,14,15,16,17,19,20,21,22,23,24,25,26,27,28,29,30,31,32,33,34,35,36], 13[2,3,4,8,9,10,11,14,15,16,17,20,21,22,26,27,28,32,33,34]]
   00:00:00:00:00:0f    00:00:00:00:00:0e  [2[32,33], 4[26,27,32,33], 6[20,21,25,26,27,28,31,32,33,34], 8[14,15,19,20,21,22,25,26,27,28,29,31,32,33,34,35], 10[8,9,13,14,15,16,19,20,21,22,23,25,26,27,28,29,30,31,32,33,34,35,36], 12[2,3,7,8,9,10,13,14,15,16,17,19,20,21,22,23,24,25,26,27,28,29,30,31,32,33,34,35,36]]
   00:00:00:00:00:0f    00:00:00:00:00:10  [2[31,32], 4[25,26,31,32], 6[19,20,25,26,27,31,32,33], 8[13,14,19,20,21,25,26,27,28,31,32,33,34], 10[7,8,13,14,15,19,20,21,22,25,26,27,28,29,31,32,33,34,35], 12[1,2,7,8,9,13,14,15,16,19,20,21,22,23,25,26,27,28,29,30,31,32,33,34,35,36], 14[1,2,3,7,8,9,10,13,14,15,16,17,19,20,21,22,23,24,25,26,27,28,29,30,31,32,33,34,35]]
   00:00:00:00:00:0f    00:00:00:00:00:11  [3[25,26,31,32], 5[19,20,25,26,27,32,33], 7[13,14,19,20,21,25,26,27,28,32,33,34], 9[7,8,13,14,15,19,20,21,22,25,26,27,28,29,32,33,34,35], 11[1,2,7,8,9,13,14,15,16,19,20,21,22,23,25,26,27,28,29,30,32,33,34,35,36], 13[1,2,3,7,8,9,10,13,14,15,16,17,19,20,21,22,23,24,25,26,27,28,29,30,32,33,34,35]]
   00:00:00:00:00:0f    00:00:00:00:00:12  [4[19,20,25,26,31,32], 6[13,14,19,20,21,25,26,27,31,32,33], 8[7,8,13,14,15,19,20,21,22,25,26,27,28,31,32,33,34], 10[1,2,7,8,9,13,14,15,16,19,20,21,22,23,25,26,27,28,29,31,32,33,34,35], 12[1,2,3,7,8,9,10,13,14,15,16,17,19,20,21,22,23,24,25,26,27,28,29,30,31,32,33,34,35]]
   00:00:00:00:00:0f    00:00:00:00:00:13  [5[13,14,19,20,25,26,31,32], 7[7,8,13,14,15,19,20,21,25,26,27,31,32,33], 9[1,2,7,8,9,13,14,15,16,19,20,21,22,25,26,27,28,31,32,33,34], 11[1,2,3,7,8,9,10,13,14,15,16,17,19,20,21,22,23,25,26,27,28,29,31,32,33,34]]
   00:00:00:00:00:0f    00:00:00:00:00:14  [6[7,8,13,14,19,20,25,26,31,32], 8[1,2,7,8,9,13,14,15,19,20,21,25,26,27,31,32,33], 10[1,2,3,7,8,9,10,13,14,15,16,19,20,21,22,25,26,27,28,31,32,33,34], 12[1,2,3,4,7,8,9,10,11,13,14,15,16,17,19,20,21,22,26,32]]
   00:00:00:00:00:10    00:00:00:00:00:01  [6[1,7,13,19,25,31], 8[1,2,7,8,13,14,19,20,25,26,31,32], 10[1,2,3,7,8,9,13,14,15,19,20,21,25,26,27,31,32,33], 12[1,2,3,4,7,8,9,10,13,14,15,16,19,20,21,22,25,26,27,31]]
   00:00:00:00:00:10    00:00:00:00:00:02  [7[1,2,7,8,13,14,19,20,25,26,31,32], 9[1,2,3,7,8,9,13,14,15,19,20,21,25,26,27,31,32,33], 11[1,2,3,4,7,8,9,10,13,14,15,16,19,20,21,22,25,26,27,28,31,32,33]]
   00:00:00:00:00:10    00:00:00:00:00:03  [8[1,2,3,7,8,9,13,14,15,19,20,21,25,26,27,31,32,33], 10[1,2,3,4,7,8,9,10,13,14,15,16,19,20,21,22,25,26,27,28,31,32,33,34], 12[1,2,3,4,5,7,8,9,10,11,13,14,15,16,17,19,20,21,22,25,26,27,31]]
   00:00:00:00:00:10    00:00:00:00:00:04  [9[1,2,3,4,7,8,9,10,13,14,15,16,19,20,21,22,25,26,27,28,31,32,33,34], 11[1,2,3,4,5,7,8,9,10,11,13,14,15,16,17,19,20,21,22,23,25,26,27,28,29,31]]
   00:00:00:00:00:10    00:00:00:00:00:05  [10[1,2,3,4,5,7,8,9,10,11,13,14,15,16,17,19,20,21,22,23,25,26,27,28,29,31,32,33,34,35], 12[1,2,3,4,5,6,7,8,9,10,11,12,13,14,15,16,17,18,19,20,21,22,23,25,31]]
   00:00:00:00:00:10    00:00:00:00:00:06  [11[1,2,3,4,5,6,7,8,9,10,11,12,13,14,15,16,17,18,19,20,21,22,23,24,25,26,27,28,29,30,31,32,33]]
   00:00:00:00:00:10    00:00:00:00:00:07  [10[7,8,9,10,11,12,13,14,15,16,17,18,19,20,21,22,23,24,25,26,27,28,29,30,31,32,33,34,35,36], 12[1,2,3,4,5,6,7,8,9,10,11,12,13,14,15,16,17,18,19,20,21,22,23,24,25,31]]
   00:00:00:00:00:10    00:00:00:00:00:08  [9[13,14,15,16,17,18,19,20,21,22,23,24,25,26,27,28,29,30,31,32,33,34,35,36], 11[7,8,9,10,11,12,13,14,15,16,17,18,19,20,21,22,23,24,25,26,27,28,29,30,31]]
   00:00:00:00:00:10    00:00:00:00:00:09  [8[19,20,21,22,23,24,25,26,27,28,29,30,31,32,33,34,35,36], 10[13,14,15,16,17,18,19,20,21,22,23,24,25,26,27,28,29,30,31,32,33,34,35,36], 12[7,8,9,10,11,12,13,14,15,16,17,18,19,20,21,22,23,24,25,31]]
   00:00:00:00:00:10    00:00:00:00:00:0a  [7[25,26,27,28,29,30,31,32,33,34,35,36], 9[19,20,21,22,23,24,25,26,27,28,29,30,31,32,33,34,35,36], 11[13,14,15,16,17,18,19,20,21,22,23,24,25,26,27,28,29,30,31,32,33,34,35,36]]
   00:00:00:00:00:10    00:00:00:00:00:0b  [6[31,32,33,34,35,36], 8[25,26,27,28,29,30,31,32,33,34,35,36], 10[19,20,21,22,23,24,25,26,27,28,29,30,31,32,33,34,35,36], 12[13,14,15,16,17,18,19,20,21,22,23,24,25,26,27,28,29,30,31,32,33,34,35,36]]
   00:00:00:00:00:10    00:00:00:00:00:0c  [5[31,32,33,34,35], 7[25,26,27,28,29,31,32,33,34,35], 9[19,20,21,22,23,25,26,27,28,29,30,31,32,33,34,35,36], 11[13,14,15,16,17,19,20,21,22,23,24,25,26,27,28,29,30,31,32,33,34,35,36]]
   00:00:00:00:00:10    00:00:00:00:00:0d  [4[31,32,33,34], 6[25,26,27,28,31,32,33,34], 8[19,20,21,22,25,26,27,28,29,31,32,33,34,35], 10[13,14,15,16,19,20,21,22,23,25,26,27,28,29,30,31,32,33,34,35,36], 12[7,8,9,10,13,14,15,16,17,19,20,21,22,23,24,25,26,27,28,29,30,31,32,33,34,35,36]]
   00:00:00:00:00:10    00:00:00:00:00:0e  [3[31,32,33], 5[25,26,27,31,32,33], 7[19,20,21,25,26,27,28,31,32,33,34], 9[13,14,15,19,20,21,22,25,26,27,28,29,31,32,33,34,35], 11[7,8,9,13,14,15,16,19,20,21,22,23,25,26,27,28,29,30,31,32,33,34,35,36], 13[1,2,3,7,8,9,10,13,14,15,16,17,19,20,21,22,23,25,26,27,28,29,31,32,33,34,35]]
   00:00:00:00:00:10    00:00:00:00:00:0f  [2[31,32], 4[25,26,31,32], 6[19,20,25,26,27,31,32,33], 8[13,14,19,20,21,25,26,27,28,31,32,33,34], 10[7,8,13,14,15,19,20,21,22,25,26,27,28,29,31,32,33,34,35], 12[1,2,7,8,9,13,14,15,16,19,20,21,22,23,25,26,27,28,29,30,31,32,33,34,35,36], 14[1,2,3,7,8,9,10,13,14,15,16,17,19,20,21,22,23,25,26,27,28,29,31,32,33,34]]
   00:00:00:00:00:10    00:00:00:00:00:11  [2[25,31], 4[25,26,31,32], 6[19,20,25,26,27,31,32,33], 8[13,14,19,20,21,25,26,27,28,31,32,33,34], 10[7,8,13,14,15,19,20,21,22,25,26,27,28,29,31,32,33,34,35], 12[1,2,7,8,9,13,14,15,16,19,20,21,22,23,25,26,27,28,29,30,31,32,33,34,35,36], 14[1,2,3,7,8,9,10,13,14,15,16,17,19,20,21,22,23,24,25,26,27,28,29,30,31,32,33,34,35]]
   00:00:00:00:00:10    00:00:00:00:00:12  [3[19,25,31], 5[19,20,25,26,31,32], 7[13,14,19,20,21,25,26,27,31,32,33], 9[7,8,13,14,15,19,20,21,22,25,26,27,28,31,32,33,34], 11[1,2,7,8,9,13,14,15,16,19,20,21,22,23,25,26,27,28,29,31,32,33,34,35], 13[1,2,3,7,8,9,10,13,14,15,16,17,19,20,21,22,23,24,25,26,27,28,29,30,31,33,34,35]]
   00:00:00:00:00:10    00:00:00:00:00:13  [4[13,19,25,31], 6[13,14,19,20,25,26,31,32], 8[7,8,13,14,15,19,20,21,25,26,27,31,32,33], 10[1,2,7,8,9,13,14,15,16,19,20,21,22,25,26,27,28,31,32,33,34], 12[1,2,3,7,8,9,10,13,14,15,16,17,19,20,21,22,23,25,26,27,28,29,31,32,33,34]]
   00:00:00:00:00:10    00:00:00:00:00:14  [5[7,13,19,25,31], 7[7,8,13,14,19,20,25,26,31,32], 9[1,2,7,8,9,13,14,15,19,20,21,25,26,27,31,32,33], 11[1,2,3,7,8,9,10,13,14,15,16,19,20,21,22,25,26,27,28,31,32,33]]
   00:00:00:00:00:11    00:00:00:00:00:01  [5[1,7,13,19,25], 7[1,2,7,8,13,14,19,20,25,26], 9[1,2,3,7,8,9,13,14,15,19,20,21,25,26,27,31,32], 11[1,2,3,4,7,8,9,10,13,14,15,16,19,20,21,22,25,26,27,28,31,32,33]]
   00:00:00:00:00:11    00:00:00:00:00:02  [6[1,2,7,8,13,14,19,20,25,26], 8[1,2,3,7,8,9,13,14,15,19,20,21,25,26,27,31,32], 10[1,2,3,4,7,8,9,10,13,14,15,16,19,20,21,22,25,26,27,28,31,32,33], 12[1,2,3,4,5,7,8,9,10,11,13,14,15,16,17,19,20,21,22,25,26,27]]
   00:00:00:00:00:11    00:00:00:00:00:03  [7[1,2,3,7,8,9,13,14,15,19,20,21,25,26,27], 9[1,2,3,4,7,8,9,10,13,14,15,16,19,20,21,22,25,26,27,28,31,32,33], 11[1,2,3,4,5,7,8,9,10,11,13,14,15,16,17,19,20,21,22,23,25,26,27,28,32,33]]
   00:00:00:00:00:11    00:00:00:00:00:04  [8[1,2,3,4,7,8,9,10,13,14,15,16,19,20,21,22,25,26,27,28], 10[1,2,3,4,5,7,8,9,10,11,13,14,15,16,17,19,20,21,22,23,25,26,27,28,29,31,32,33,34]]
   00:00:00:00:00:11    00:00:00:00:00:05  [9[1,2,3,4,5,7,8,9,10,11,13,14,15,16,17,19,20,21,22,23,25,26,27,28,29], 11[1,2,3,4,5,6,7,8,9,10,11,12,13,14,15,16,17,18,19,20,21,22,23,24,25,26,27,28,29]]
   00:00:00:00:00:11    00:00:00:00:00:06  [10[1,2,3,4,5,6,7,8,9,10,11,12,13,14,15,16,17,18,19,20,21,22,23,24,25,26,27,28,29,30], 12[1,2,3,4,5,6,7,8,9,10,11,12,13,14,15,16,17,18,19,25]]
   00:00:00:00:00:11    00:00:00:00:00:07  [9[7,8,9,10,11,12,13,14,15,16,17,18,19,20,21,22,23,24,25,26,27,28,29,30], 11[1,2,3,4,5,6,7,8,9,10,11,12,13,14,15,16,17,18,19,20,21,22,23,24,25]]
   00:00:00:00:00:11    00:00:00:00:00:08  [8[13,14,15,16,17,18,19,20,21,22,23,24,25,26,27,28,29,30], 10[7,8,9,10,11,12,13,14,15,16,17,18,19,20,21,22,23,24,25,26,27,28,29,30,32,33,34,35,36]]
   00:00:00:00:00:11    00:00:00:00:00:09  [7[19,20,21,22,23,24,25,26,27,28,29,30], 9[13,14,15,16,17,18,19,20,21,22,23,24,25,26,27,28,29,30,31,32,33,34,35,36], 11[7,8,9,10,11,12,13,14,15,16,17,18,19,20,21,22,23,24,25,26,27,28,29,30]]
   00:00:00:00:00:11    00:00:00:00:00:0a  [6[25,26,27,28,29,30], 8[19,20,21,22,23,24,25,26,27,28,29,30,31,32,33,34,35,36], 10[13,14,15,16,17,18,19,20,21,22,23,24,25,26,27,28,29,30,31,32,33,34,35,36]]
   00:00:00:00:00:11    00:00:00:00:00:0b  [7[25,26,27,28,29,30,31,32,33,34,35,36], 9[19,20,21,22,23,24,25,26,27,28,29,30,31,32,33,34,35,36], 11[13,14,15,16,17,18,19,20,21,22,23,24,25,26,27,28,29,30,32,33,34,35,36]]
   00:00:00:00:00:11    00:00:00:00:00:0c  [6[25,26,27,28,29,31,32,33,34,35], 8[19,20,21,22,23,25,26,27,28,29,30,31,32,33,34,35,36], 10[13,14,15,16,17,19,20,21,22,23,24,25,26,27,28,29,30,31,32,33,34,35,36], 12[7,8,9,10,11,13,14,15,16,17,19,20,21,22,23,25,26,27,28,29,32,33,34,35]]
   00:00:00:00:00:11    00:00:00:00:00:0d  [5[25,26,27,28,31,32,33,34], 7[19,20,21,22,25,26,27,28,29,31,32,33,34,35], 9[13,14,15,16,19,20,21,22,23,25,26,27,28,29,30,31,32,33,34,35,36], 11[7,8,9,10,13,14,15,16,17,19,20,21,22,23,24,25,26,27,28,29,30,32,33,34,35,36]]
   00:00:00:00:00:11    00:00:00:00:00:0e  [4[25,26,27,31,32,33], 6[19,20,21,25,26,27,28,31,32,33,34], 8[13,14,15,19,20,21,22,25,26,27,28,29,31,32,33,34,35], 10[7,8,9,13,14,15,16,19,20,21,22,23,25,26,27,28,29,30,31,32,33,34,35,36], 12[1,2,3,7,8,9,10,13,14,15,16,17,19,20,21,22,23,25,26,27,28,29,32,33,34,35]]
   00:00:00:00:00:11    00:00:00:00:00:0f  [3[25,26,31,32], 5[19,20,25,26,27,32,33], 7[13,14,19,20,21,25,26,27,28,32,33,34], 9[7,8,13,14,15,19,20,21,22,25,26,27,28,29,32,33,34,35], 11[1,2,7,8,9,13,14,15,16,19,20,21,22,23,25,26,27,28,29,30,32,33,34,35,36], 13[1,2,3,7,8,9,10,13,14,15,16,17,19,20,21,22,23,25,26,27,28,29,32,33,34]]
   00:00:00:00:00:11    00:00:00:00:00:10  [2[25,31], 4[25,26,31,32], 6[19,20,25,26,27,31,32,33], 8[13,14,19,20,21,25,26,27,28,31,32,33,34], 10[7,8,13,14,15,19,20,21,22,25,26,27,28,29,31,32,33,34,35], 12[1,2,7,8,9,13,14,15,16,19,20,21,22,23,25,26,27,28,29,30,31,32,33,34,35,36], 14[1,2,3,7,8,9,10,13,14,15,16,17,19,20,21,22,23,25,26,27,28,29,31,32,33,34]]
   00:00:00:00:00:11    00:00:00:00:00:12  [2[19,25], 4[19,20,25,26], 6[13,14,19,20,21,25,26,27,31,32], 8[7,8,13,14,15,19,20,21,22,25,26,27,28,31,32,33], 10[1,2,7,8,9,13,14,15,16,19,20,21,22,23,25,26,27,28,29,31,32,33,34], 12[1,2,3,7,8,9,10,13,14,15,16,17,19,20,21,22,23,24,25,26,27,28,29,30,31,32,33,34,35]]
   00:00:00:00:00:11    00:00:00:00:00:13  [3[13,19,25], 5[13,14,19,20,25,26], 7[7,8,13,14,15,19,20,21,25,26,27,31,32], 9[1,2,7,8,9,13,14,15,16,19,20,21,22,25,26,27,28,31,32,33], 11[1,2,3,7,8,9,10,13,14,15,16,17,19,20,21,22,23,25,26,27,28,29,31,32,33,34], 13[1,2,3,4,7,8,9,10,13,14,15,16,19,20,25]]
   00:00:00:00:00:11    00:00:00:00:00:14  [4[7,13,19,25], 6[7,8,13,14,19,20,25,26], 8[1,2,7,8,9,13,14,15,19,20,21,25,26,27,31,32], 10[1,2,3,7,8,9,10,13,14,15,16,19,20,21,22,25,26,27,28,31,32,33], 12[1,2,3,4,7,8,9,10,11,13,14,15,16,17,19,20,21,22,23,25,26,27,28]]
   00:00:00:00:00:12    00:00:00:00:00:01  [4[1,7,13,19], 6[1,2,7,8,13,14,19,20], 8[1,2,3,7,8,9,13,14,15,19,20,21,25,26], 10[1,2,3,4,7,8,9,10,13,14,15,16,19,20,21,22,25,26,27,31,32], 12[1,2,3,4,5,7,8,9,10,11,13,14,15,16,17,19,20,21,22,23,26,27]]
   00:00:00:00:00:12    00:00:00:00:00:02  [5[1,2,7,8,13,14,19,20], 7[1,2,3,7,8,9,13,14,15,19,20,21,25,26], 9[1,2,3,4,7,8,9,10,13,14,15,16,19,20,21,22,25,26,27,31,32], 11[1,2,3,4,5,7,8,9,10,11,13,14,15,16,17,19,20,21,22,23,25,26,27,28,32,33]]
   00:00:00:00:00:12    00:00:00:00:00:03  [6[1,2,3,7,8,9,13,14,15,19,20,21], 8[1,2,3,4,7,8,9,10,13,14,15,16,19,20,21,22,25,26,27], 10[1,2,3,4,5,7,8,9,10,11,13,14,15,16,17,19,20,21,22,23,25,26,27,28,31,32,33], 12[1,2,3,4,5,6,7,8,9,10,11,12,13,14,15,16,17,19,20,21,22,26,27]]
   00:00:00:00:00:12    00:00:00:00:00:04  [7[1,2,3,4,7,8,9,10,13,14,15,16,19,20,21,22], 9[1,2,3,4,5,7,8,9,10,11,13,14,15,16,17,19,20,21,22,23,25,26,27,28], 11[1,2,3,4,5,6,7,8,9,10,11,12,13,14,15,16,17,18,19,20,21,22,23,26,27,28]]
   00:00:00:00:00:12    00:00:00:00:00:05  [8[1,2,3,4,5,7,8,9,10,11,13,14,15,16,17,19,20,21,22,23], 10[1,2,3,4,5,6,7,8,9,10,11,12,13,14,15,16,17,18,19,20,21,22,23,24,25,26,27,28,29]]
   00:00:00:00:00:12    00:00:00:00:00:06  [9[1,2,3,4,5,6,7,8,9,10,11,12,13,14,15,16,17,18,19,20,21,22,23,24], 11[1,2,3,4,5,6,7,8,9,10,11,12,13,14,15,16,17,18,19,20,21,22,23,24]]
   00:00:00:00:00:12    00:00:00:00:00:07  [8[7,8,9,10,11,12,13,14,15,16,17,18,19,20,21,22,23,24], 10[1,2,3,4,5,6,7,8,9,10,11,12,13,14,15,16,17,18,19,20,21,22,23,24,26,27,28,29,30]]
   00:00:00:00:00:12    00:00:00:00:00:08  [7[13,14,15,16,17,18,19,20,21,22,23,24], 9[7,8,9,10,11,12,13,14,15,16,17,18,19,20,21,22,23,24,25,26,27,28,29,30], 11[1,2,3,4,5,6,7,8,9,10,11,12,13,14,15,16,17,18,19,20,21,22,23,24]]
   00:00:00:00:00:12    00:00:00:00:00:09  [6[19,20,21,22,23,24], 8[13,14,15,16,17,18,19,20,21,22,23,24,25,26,27,28,29,30], 10[7,8,9,10,11,12,13,14,15,16,17,18,19,20,21,22,23,24,26,27,28,29,30,32,33,34,35,36]]
   00:00:00:00:00:12    00:00:00:00:00:0a  [7[19,20,21,22,23,24,25,26,27,28,29,30], 9[13,14,15,16,17,18,19,20,21,22,23,24,25,26,27,28,29,30,31,32,33,34,35,36], 11[7,8,9,10,11,12,13,14,15,16,17,18,19,20,21,22,23,24,26,27,28,29,30,33,34,35,36]]
   00:00:00:00:00:12    00:00:00:00:00:0b  [8[19,20,21,22,23,24,25,26,27,28,29,30,31,32,33,34,35,36], 10[13,14,15,16,17,18,19,20,21,22,23,24,25,26,27,28,29,30,31,32,33,34,35,36], 12[7,8,9,10,11,12,13,15,16,17,18,19,21,22,23,24,27,28,29,30,34,35,36]]
   00:00:00:00:00:12    00:00:00:00:00:0c  [7[19,20,21,22,23,25,26,27,28,29,31,32,33,34,35], 9[13,14,15,16,17,19,20,21,22,23,24,25,26,27,28,29,30,31,32,33,34,35,36], 11[7,8,9,10,11,13,14,15,16,17,18,19,20,21,22,23,24,25,26,27,28,29,30,31,32,33,34,35,36]]
   00:00:00:00:00:12    00:00:00:00:00:0d  [6[19,20,21,22,25,26,27,28,31,32,33,34], 8[13,14,15,16,19,20,21,22,23,25,26,27,28,29,31,32,33,34,35], 10[7,8,9,10,13,14,15,16,17,19,20,21,22,23,24,25,26,27,28,29,30,31,32,33,34,35,36], 12[1,2,3,4,7,8,9,10,11,13,14,15,16,17,19,20,21,22,23,26,27,28,29,32,33,34]]
   00:00:00:00:00:12    00:00:00:00:00:0e  [5[19,20,21,25,26,27,31,32,33], 7[13,14,15,19,20,21,22,25,26,27,28,31,32,33,34], 9[7,8,9,13,14,15,16,19,20,21,22,23,25,26,27,28,29,31,32,33,34,35], 11[1,2,3,7,8,9,10,13,14,15,16,17,19,20,21,22,23,25,26,27,28,29,31,32,33,34,35]]
   00:00:00:00:00:12    00:00:00:00:00:0f  [4[19,20,25,26,31,32], 6[13,14,19,20,21,25,26,27,31,32,33], 8[7,8,13,14,15,19,20,21,22,25,26,27,28,31,32,33,34], 10[1,2,7,8,9,13,14,15,16,19,20,21,22,23,25,26,27,28,29,31,32,33,34,35], 12[1,2,3,7,8,9,10,13,14,15,16,17,19,20,21,22,23,25,26,27,28,29,31,32,33,34,35]]
   00:00:00:00:00:12    00:00:00:00:00:10  [3[19,25,31], 5[19,20,25,26,31,32], 7[13,14,19,20,21,25,26,27,31,32,33], 9[7,8,13,14,15,19,20,21,22,25,26,27,28,31,32,33,34], 11[1,2,7,8,9,13,14,15,16,19,20,21,22,23,25,26,27,28,29,31,32,33,34,35], 13[1,2,3,7,8,9,10,13,14,15,16,19,20,21,22,25,26,27,28,31,32,33,34]]
   00:00:00:00:00:12    00:00:00:00:00:11  [2[19,25], 4[19,20,25,26], 6[13,14,19,20,21,25,26,27,31,32], 8[7,8,13,14,15,19,20,21,22,25,26,27,28,31,32,33], 10[1,2,7,8,9,13,14,15,16,19,20,21,22,23,25,26,27,28,29,31,32,33,34], 12[1,2,3,7,8,9,10,13,14,15,16,17,19,20,21,22,23,25,26,27,28,29,31,32,33,34]]
   00:00:00:00:00:12    00:00:00:00:00:13  [2[13,19], 4[13,14,19,20], 6[7,8,13,14,15,19,20,21,25,26], 8[1,2,7,8,9,13,14,15,16,19,20,21,22,25,26,27,31,32], 10[1,2,3,7,8,9,10,13,14,15,16,17,19,20,21,22,23,25,26,27,28,31,32,33], 12[1,2,3,4,7,8,9,10,11,13,14,15,16,17,18,19,20,21,22,23,24,25,26,27,28,29,31,32,33,34]]
   00:00:00:00:00:12    00:00:00:00:00:14  [3[7,13,19], 5[7,8,13,14,19,20], 7[1,2,7,8,9,13,14,15,19,20,21,25,26], 9[1,2,3,7,8,9,10,13,14,15,16,19,20,21,22,25,26,27,31,32], 11[1,2,3,4,7,8,9,10,11,13,14,15,16,17,19,20,21,22,23,25,26,27,28,31,32,33], 13[1,2,3,4,5,7,8,9,10,11,13,14,15,16,19]]
   00:00:00:00:00:13    00:00:00:00:00:01  [3[1,7,13], 5[1,2,7,8,13,14], 7[1,2,3,7,8,9,13,14,15,19,20], 9[1,2,3,4,7,8,9,10,13,14,15,16,19,20,21,25,26], 11[1,2,3,4,5,7,8,9,10,11,13,14,15,16,17,19,20,21,22,25,26,27,31,32], 13[1,2,3,4,5,6,7,8,9,10,11,12,13,14,15,16,17,18,19,20,21,22,23,25,26,27,28]]
   00:00:00:00:00:13    00:00:00:00:00:02  [4[1,2,7,8,13,14], 6[1,2,3,7,8,9,13,14,15,19,20], 8[1,2,3,4,7,8,9,10,13,14,15,16,19,20,21,25,26], 10[1,2,3,4,5,7,8,9,10,11,13,14,15,16,17,19,20,21,22,25,26,27,31,32], 12[1,2,3,4,5,6,7,8,9,10,11,12,13,14,15,16,17,18,19,20,21,22,23,25,26,27,28]]
   00:00:00:00:00:13    00:00:00:00:00:03  [5[1,2,3,7,8,9,13,14,15], 7[1,2,3,4,7,8,9,10,13,14,15,16,19,20,21], 9[1,2,3,4,5,7,8,9,10,11,13,14,15,16,17,19,20,21,22,25,26,27], 11[1,2,3,4,5,6,7,8,9,10,11,12,13,14,15,16,17,18,19,20,21,22,23,25,26,27,28,32,33]]
   00:00:00:00:00:13    00:00:00:00:00:04  [6[1,2,3,4,7,8,9,10,13,14,15,16], 8[1,2,3,4,5,7,8,9,10,11,13,14,15,16,17,19,20,21,22], 10[1,2,3,4,5,6,7,8,9,10,11,12,13,14,15,16,17,18,19,20,21,22,23,25,26,27,28], 12[1,2,3,4,5,6,7,8,9,10,11,12,13,14,15,16,17,18,20,21,22]]
   00:00:00:00:00:13    00:00:00:00:00:05  [7[1,2,3,4,5,7,8,9,10,11,13,14,15,16,17], 9[1,2,3,4,5,6,7,8,9,10,11,12,13,14,15,16,17,18,19,20,21,22,23], 11[1,2,3,4,5,6,7,8,9,10,11,12,13,14,15,16,17,18,20,21,22,23,24]]
   00:00:00:00:00:13    00:00:00:00:00:06  [8[1,2,3,4,5,6,7,8,9,10,11,12,13,14,15,16,17,18], 10[1,2,3,4,5,6,7,8,9,10,11,12,13,14,15,16,17,18,19,20,21,22,23,24], 12[1,2,3,4,5,6,7,8,9,10,11,12,13,14,15,16,17,18]]
   00:00:00:00:00:13    00:00:00:00:00:07  [7[7,8,9,10,11,12,13,14,15,16,17,18], 9[1,2,3,4,5,6,7,8,9,10,11,12,13,14,15,16,17,18,19,20,21,22,23,24], 11[1,2,3,4,5,6,7,8,9,10,11,12,13,14,15,16,17,18,20,21,22,23,24]]
   00:00:00:00:00:13    00:00:00:00:00:08  [6[13,14,15,16,17,18], 8[7,8,9,10,11,12,13,14,15,16,17,18,19,20,21,22,23,24], 10[1,2,3,4,5,6,7,8,9,10,11,12,13,14,15,16,17,18,20,21,22,23,24,26,27,28,29,30]]
   00:00:00:00:00:13    00:00:00:00:00:09  [7[13,14,15,16,17,18,19,20,21,22,23,24], 9[7,8,9,10,11,12,13,14,15,16,17,18,19,20,21,22,23,24,25,26,27,28,29,30], 11[1,2,3,4,5,6,7,8,9,10,11,12,13,14,15,16,17,18,20,21,22,23,24,27,28,29,30]]
   00:00:00:00:00:13    00:00:00:00:00:0a  [8[13,14,15,16,17,18,19,20,21,22,23,24,25,26,27,28,29,30], 10[7,8,9,10,11,12,13,14,15,16,17,18,19,20,21,22,23,24,25,26,27,28,29,30,32,33,34,35,36]]
   00:00:00:00:00:13    00:00:00:00:00:0b  [9[13,14,15,16,17,18,19,20,21,22,23,24,25,26,27,28,29,30,31,32,33,34,35,36], 11[7,8,9,10,11,12,13,14,15,16,17,18,20,21,22,23,24,26,27,28,29,30,32,33,34,35,36]]
   00:00:00:00:00:13    00:00:00:00:00:0c  [8[13,14,15,16,17,19,20,21,22,23,25,26,27,28,29,31,32,33,34,35], 10[7,8,9,10,11,13,14,15,16,17,18,19,20,21,22,23,24,25,26,27,28,29,30,31,32,33,34,35,36]]
   00:00:00:00:00:13    00:00:00:00:00:0d  [7[13,14,15,16,19,20,21,22,25,26,27,28,31,32,33,34], 9[7,8,9,10,13,14,15,16,17,19,20,21,22,23,25,26,27,28,29,31,32,33,34,35], 11[1,2,3,4,7,8,9,10,11,13,14,15,16,17,19,20,21,22,23,25,26,27,28,29,31,32,33,34,35]]
   00:00:00:00:00:13    00:00:00:00:00:0e  [6[13,14,15,19,20,21,25,26,27,31,32,33], 8[7,8,9,13,14,15,16,19,20,21,22,25,26,27,28,31,32,33,34], 10[1,2,3,7,8,9,10,13,14,15,16,17,19,20,21,22,23,25,26,27,28,29,31,32,33,34,35], 12[1,2,3,4,7,8,9,10,13,14,15,16,20,21,22,26,27,28,32,33,34]]
   00:00:00:00:00:13    00:00:00:00:00:0f  [5[13,14,19,20,25,26,31,32], 7[7,8,13,14,15,19,20,21,25,26,27,31,32,33], 9[1,2,7,8,9,13,14,15,16,19,20,21,22,25,26,27,28,31,32,33,34], 11[1,2,3,7,8,9,10,13,14,15,16,17,19,20,21,22,23,25,26,27,28,29,31,32,33,34,35]]
   00:00:00:00:00:13    00:00:00:00:00:10  [4[13,19,25,31], 6[13,14,19,20,25,26,31,32], 8[7,8,13,14,15,19,20,21,25,26,27,31,32,33], 10[1,2,7,8,9,13,14,15,16,19,20,21,22,25,26,27,28,31,32,33,34], 12[1,2,3,7,8,9,10,13,14,15,16,19,20,21,22,25,26,27,28,31,32,33,34]]
   00:00:00:00:00:13    00:00:00:00:00:11  [3[13,19,25], 5[13,14,19,20,25,26], 7[7,8,13,14,15,19,20,21,25,26,27,31,32], 9[1,2,7,8,9,13,14,15,16,19,20,21,22,25,26,27,28,31,32,33], 11[1,2,3,7,8,9,10,13,14,15,16,17,19,20,21,22,23,25,26,27,28,29,31,32,33,34], 13[1,2,3,4,7,8,9,10,13,14,15,16,19,20,21,25,26,27]]
   00:00:00:00:00:13    00:00:00:00:00:12  [2[13,19], 4[13,14,19,20], 6[7,8,13,14,15,19,20,21,25,26], 8[1,2,7,8,9,13,14,15,16,19,20,21,22,25,26,27,31,32], 10[1,2,3,7,8,9,10,13,14,15,16,17,19,20,21,22,23,25,26,27,28,31,32,33], 12[1,2,3,4,7,8,9,10,11,13,14,15,16,17,19,20,21,22,23,25,26,27,28,31,32,33]]
   00:00:00:00:00:13    00:00:00:00:00:14  [2[7,13], 4[7,8,13,14], 6[1,2,7,8,9,13,14,15,19,20], 8[1,2,3,7,8,9,10,13,14,15,16,19,20,21,25,26], 10[1,2,3,4,7,8,9,10,11,13,14,15,16,17,19,20,21,22,25,26,27,31,32], 12[1,2,3,4,5,7,8,9,10,11,12,13,14,15,16,17,18,19,20,21,22,23,25,26,27,28,32,33]]
   00:00:00:00:00:14    00:00:00:00:00:01  [2[1,7], 4[1,2,7,8], 6[1,2,3,7,8,9,13,14], 8[1,2,3,4,7,8,9,10,13,14,15,19,20], 10[1,2,3,4,5,7,8,9,10,11,13,14,15,16,19,20,21,25,26], 12[1,2,3,4,5,6,7,8,9,10,11,12,13,14,15,16,17,19,20,21,22,25,26,27,31,32], 14[1,2,3,4,5,6,7,8,9,10,11,12,13,14,15,16,17,18,19,20,21,22,23,25,26,27,28,32,33]]
   00:00:00:00:00:14    00:00:00:00:00:02  [3[1,2,7,8], 5[2,3,7,8,9,13,14], 7[2,3,4,7,8,9,10,13,14,15,19,20], 9[2,3,4,5,7,8,9,10,11,13,14,15,16,19,20,21,25,26], 11[2,3,4,5,6,7,8,9,10,11,12,13,14,15,16,17,19,20,21,22,25,26,27,31,32], 13[2,3,4,5,6,7,8,9,10,11,12,13,14,15,16,17,18,19,20,21,22,23,25,26,27,28,32,33]]
   00:00:00:00:00:14    00:00:00:00:00:03  [4[1,2,3,7,8,9], 6[1,2,3,4,7,8,9,10,13,14,15], 8[1,2,3,4,5,7,8,9,10,11,13,14,15,16,19,20,21], 10[1,2,3,4,5,6,7,8,9,10,11,12,13,14,15,16,17,19,20,21,22,25,26,27], 12[1,2,3,4,5,6,7,8,9,10,11,12,13,14,15,16,17,18,19,20,21,22,23,25,26,27,28,32,33]]
   00:00:00:00:00:14    00:00:00:00:00:04  [5[1,2,3,4,7,8,9,10], 7[1,2,3,4,5,7,8,9,10,11,13,14,15,16], 9[1,2,3,4,5,6,7,8,9,10,11,12,13,14,15,16,17,19,20,21,22], 11[1,2,3,4,5,6,7,8,9,10,11,12,13,14,15,16,17,18,19,20,21,22,23,26,27,28]]
   00:00:00:00:00:14    00:00:00:00:00:05  [6[1,2,3,4,5,7,8,9,10,11], 8[1,2,3,4,5,6,7,8,9,10,11,12,13,14,15,16,17], 10[1,2,3,4,5,6,7,8,9,10,11,12,13,14,15,16,17,18,19,20,21,22,23], 12[1,2,3,4,5,6,7,8,9,10,11,12,14,15,16,17,18,21,22,23]]
   00:00:00:00:00:14    00:00:00:00:00:06  [7[1,2,3,4,5,6,7,8,9,10,11,12], 9[1,2,3,4,5,6,7,8,9,10,11,12,13,14,15,16,17,18], 11[1,2,3,4,5,6,7,8,9,10,11,12,13,14,15,16,17,18,20,21,22,23,24]]
   00:00:00:00:00:14    00:00:00:00:00:07  [6[7,8,9,10,11,12], 8[1,2,3,4,5,6,7,8,9,10,11,12,13,14,15,16,17,18], 10[1,2,3,4,5,6,7,8,9,10,11,12,13,14,15,16,17,18,19,20,21,22,23,24]]
   00:00:00:00:00:14    00:00:00:00:00:08  [7[7,8,9,10,11,12,13,14,15,16,17,18], 9[1,2,3,4,5,6,7,8,9,10,11,12,13,14,15,16,17,18,19,20,21,22,23,24], 11[1,2,3,4,5,6,7,8,9,10,11,12,14,15,16,17,18,20,21,22,23,24]]
   00:00:00:00:00:14    00:00:00:00:00:09  [8[7,8,9,10,11,12,13,14,15,16,17,18,19,20,21,22,23,24], 10[1,2,3,4,5,6,7,8,9,10,11,12,13,14,15,16,17,18,19,20,21,22,23,24,26,27,28,29,30]]
   00:00:00:00:00:14    00:00:00:00:00:0a  [9[7,8,9,10,11,12,13,14,15,16,17,18,19,20,21,22,23,24,25,26,27,28,29,30], 11[1,2,3,4,5,6,7,8,9,10,11,12,14,15,16,17,18,20,21,22,23,24,26,27,28,29,30,35,36]]
   00:00:00:00:00:14    00:00:00:00:00:0b  [10[7,8,9,10,11,12,13,14,15,16,17,18,19,20,21,22,23,24,25,26,27,28,29,30,31,32,33,34,35,36], 12[1,2,3,4,5,6,7,8,9,10,11,12,15,16,17,18,21,22,23,24,27,28,29,30,33,34,35,36]]
   00:00:00:00:00:14    00:00:00:00:00:0c  [9[7,8,9,10,11,13,14,15,16,17,19,20,21,22,23,25,26,27,28,29,31,32,33,34,35], 11[1,2,3,4,5,7,8,9,10,11,12,14,15,16,17,18,20,21,22,23,24,26,27,28,29,30,32,33,34,35,36]]
   00:00:00:00:00:14    00:00:00:00:00:0d  [8[7,8,9,10,13,14,15,16,19,20,21,22,25,26,27,28,31,32,33,34], 10[1,2,3,4,7,8,9,10,11,13,14,15,16,17,19,20,21,22,23,25,26,27,28,29,31,32,33,34,35]]
   00:00:00:00:00:14    00:00:00:00:00:0e  [7[7,8,9,13,14,15,19,20,21,25,26,27,31,32,33], 9[1,2,3,7,8,9,10,13,14,15,16,19,20,21,22,25,26,27,28,31,32,33,34], 11[1,2,3,4,7,8,9,10,11,13,14,15,16,17,19,20,21,22,23,25,26,27,28,29,31,32,33,34,35]]
   00:00:00:00:00:14    00:00:00:00:00:0f  [6[7,8,13,14,19,20,25,26,31,32], 8[1,2,7,8,9,13,14,15,19,20,21,25,26,27,31,32,33], 10[1,2,3,7,8,9,10,13,14,15,16,19,20,21,22,25,26,27,28,31,32,33,34], 12[1,2,3,4,7,8,9,10,13,14,15,16,19,20,21,22,25,26,27,28,31,32,33,34]]
   00:00:00:00:00:14    00:00:00:00:00:10  [5[7,13,19,25,31], 7[7,8,13,14,19,20,25,26,31,32], 9[1,2,7,8,9,13,14,15,19,20,21,25,26,27,31,32,33], 11[1,2,3,7,8,9,10,13,14,15,16,19,20,21,22,25,26,27,28,31,32,33,34]]
   00:00:00:00:00:14    00:00:00:00:00:11  [4[7,13,19,25], 6[7,8,13,14,19,20,25,26], 8[1,2,7,8,9,13,14,15,19,20,21,25,26,27,31,32], 10[1,2,3,7,8,9,10,13,14,15,16,19,20,21,22,25,26,27,28,31,32,33], 12[1,2,3,4,7,8,9,10,13,14,15,16,19,20,21,22,25,26,27,28,31,32,33]]
   00:00:00:00:00:14    00:00:00:00:00:12  [3[7,13,19], 5[7,8,13,14,19,20], 7[1,2,7,8,9,13,14,15,19,20,21,25,26], 9[1,2,3,7,8,9,10,13,14,15,16,19,20,21,22,25,26,27,31,32], 11[1,2,3,4,7,8,9,10,11,13,14,15,16,17,19,20,21,22,23,25,26,27,28,31,32,33], 13[1,2,3,4,5,7,8,9,10,11,13,14,15,16,19,20,21]]
   00:00:00:00:00:14    00:00:00:00:00:13  [2[7,13], 4[7,8,13,14], 6[1,2,7,8,9,13,14,15,19,20], 8[1,2,3,7,8,9,10,13,14,15,16,19,20,21,25,26], 10[1,2,3,4,7,8,9,10,11,13,14,15,16,17,19,20,21,22,25,26,27,31,32], 12[1,2,3,4,5,7,8,9,10,11,12,13,14,15,16,17,18,19,20,21,22,23,25,26,27,28,31,32,33]]
