# K-Shortest Paths Distribution
# Format: src_host dst_host  hop[switches] ...
# ==================================================================

   00:00:00:00:00:04    00:00:00:00:00:10  [5[1,2,3,4,6,7,8,9], 7[1,2,3,4,5,6,7,8,9,10,11,12,13,14], 9[1,2,3,4,5,6,7,8,9,10,11,12,13,14,15,16,17,18,19], 11[1,2,3,4,5,6,7,8,9,10,11,12,13,14,15,16,17,18,19,20,21,22,23,24], 13[1,2,3,4,5,6,7,8,9,10,11,12,13,14,15,16,17,18,19,20,21,22,23,24,25]]
   00:00:00:00:00:04    00:00:00:00:00:01  [4[1,2,3,4], 6[1,2,3,4,6,7,8,9], 8[1,2,3,4,5,6,7,8,9,10,11,12,13,14], 10[1,2,3,4,5,6,7,8,9,10,11,12,13,14,15,16,17,18,19], 12[1,2,3,4,5,6,7,8,9,10,11,12,13,14,15,16,17,18,19,20,21,22,23,24], 14[1,2,3,4,5,6,7,8,9,10,11,12,13,14,15,16,17,18,19,20,21,22,23,24]]
   00:00:00:00:00:04    00:00:00:00:00:0f  [6[1,2,3,4,6,7,8,9,11,12,13,14], 8[1,2,3,4,5,6,7,8,9,10,11,12,13,14,15,16,17,18,19], 10[1,2,3,4,5,6,7,8,9,10,11,12,13,14,15,16,17,18,19,20,21,22,23,24], 12[1,2,3,4,5,6,7,8,9,10,11,12,13,14,15,16,17,18,19,20,21,22,23,24,25]]
   00:00:00:00:00:04    00:00:00:00:00:03  [2[3,4], 4[3,4,8,9], 6[2,3,4,5,7,8,9,10,13,14], 8[1,2,3,4,5,6,7,8,9,10,12,13,14,15,18,19], 10[1,2,3,4,5,6,7,8,9,10,11,12,13,14,15,17,18,19,20,23,24], 12[1,2,3,4,5,6,7,8,9,10,11,12,13,14,15,16,17,18,19,20,22,23,24,25], 14[1,2,3,4,5,6,7,8,9,10,11,12,13,14,15,16,17,18,19,20,21,22,23,24,25]]
   00:00:00:00:00:04    00:00:00:00:00:02  [3[2,3,4], 5[2,3,4,7,8,9], 7[1,2,3,4,5,6,7,8,9,10,12,13,14], 9[1,2,3,4,5,6,7,8,9,10,11,12,13,14,15,17,18,19], 11[1,2,3,4,5,6,7,8,9,10,11,12,13,14,15,16,17,18,19,20,22,23,24], 13[1,2,3,4,5,6,7,8,9,10,11,12,13,14,15,16,17,18,19,20,21,22,23,24,25]]
   00:00:00:00:00:04    00:00:00:00:00:06  [3[4,5,9,10], 5[3,4,8,9,10,14,15], 7[2,3,4,7,8,9,10,13,14,15,19,20], 9[1,2,3,4,6,7,8,9,10,12,13,14,15,18,19,20,24,25], 11[1,2,3,4,6,7,8,9,10,11,12,13,14,15,17,18,19,20,23,24,25], 13[1,2,3,4,6,7,8,9,10,11,12,13,14,15,16,17,18,19,20,22,23,24,25], 15[1,2,3,4,6,7,8,9,10,11,12,13,14,15,16,17,18,19,20,21,22,23,24,25]]
   00:00:00:00:00:04    00:00:00:00:00:05  [2[4,5], 4[4,5,9,10], 6[3,4,5,8,9,10,14,15], 8[2,3,4,5,7,8,9,10,13,14,15,19,20], 10[1,2,3,4,5,6,7,8,9,10,12,13,14,15,18,19,20,24,25], 12[1,2,3,4,5,6,7,8,9,10,11,12,13,14,15,17,18,19,20,23,24,25], 14[1,2,3,4,5,6,7,8,9,10,11,12,13,14,15,16,17,18,19,20,22,23,24,25], 16[1,2,3,4,5,6,7,8,9,10,11,12,13,14,15,16,17,18,19,20,21,22,23,24,25]]
   00:00:00:00:00:04    00:00:00:00:00:0b  [6[3,4,8,9,13,14,18,19,23,24], 8[2,3,4,5,7,8,9,10,12,13,14,15,17,18,19,20,22,23,24,25], 10[1,2,3,4,5,6,7,8,9,10,11,12,13,14,15,16,17,18,19,20,21,22,23,24,25], 12[1,2,3,4,5,6,7,8,9,10,11,12,13,14,15,16,17,18,19,20,21,22,23,24,25]]
   00:00:00:00:00:04    00:00:00:00:00:0d  [8[1,2,3,4,6,7,8,9,11,12,13,14,16,17,18,19,21,22,23,24], 10[1,2,3,4,5,6,7,8,9,10,11,12,13,14,15,16,17,18,19,20,21,22,23,24,25], 12[1,2,3,4,5,6,7,8,9,10,11,12,13,14,15,16,17,18,19,20,21,22,23,24,25]]
   00:00:00:00:00:04    00:00:00:00:00:0c  [7[2,3,4,7,8,9,12,13,14,17,18,19,22,23,24], 9[1,2,3,4,5,6,7,8,9,10,11,12,13,14,15,16,17,18,19,20,21,22,23,24,25], 11[1,2,3,4,5,6,7,8,9,10,11,12,13,14,15,16,17,18,19,20,21,22,23,24,25], 13[1,2,3,4,6,7,8,9,10,11,12,13,14,15,16,17,18,19,20,21,22,23,24,25]]
   00:00:00:00:00:04    00:00:00:00:00:07  [4[4,5,9,10,14,15], 6[3,4,5,8,9,10,13,14,15,19,20], 8[2,3,4,5,7,8,9,10,12,13,14,15,18,19,20,24,25], 10[1,2,3,4,5,6,7,8,9,10,11,12,13,14,15,17,18,19,20,23,24,25], 12[1,2,3,4,5,6,7,8,9,10,11,12,13,14,15,16,17,18,19,20,22,23,24,25], 14[1,2,3,4,6,7,8,9,10,11,12,13,14,15,16,17,18,19,20,21,22,23,24,25]]
   00:00:00:00:00:04    00:00:00:00:00:09  [6[4,5,9,10,14,15,19,20,24,25], 8[3,4,5,8,9,10,13,14,15,18,19,20,23,24,25], 10[2,3,4,5,7,8,9,10,12,13,14,15,17,18,19,20,22,23,24,25], 12[1,2,3,4,5,6,7,8,9,10,11,12,13,14,15,16,17,18,19,20,21,22,23,24,25], 14[1,2,3,4,6,7,8,9,10,11,12,13,14,15,16,17,18,19,20,21,22,23,24,25]]
   00:00:00:00:00:04    00:00:00:00:00:08  [5[4,5,9,10,14,15,19,20], 7[3,4,5,8,9,10,13,14,15,18,19,20,24,25], 9[2,3,4,5,7,8,9,10,12,13,14,15,17,18,19,20,23,24,25], 11[1,2,3,4,5,6,7,8,9,10,11,12,13,14,15,16,17,18,19,20,22,23,24,25], 13[1,2,3,4,5,6,7,8,9,10,11,12,13,14,15,16,17,18,19,20,21,22,23,24,25]]
   00:00:00:00:00:04    00:00:00:00:00:0e  [7[1,2,3,4,6,7,8,9,11,12,13,14,16,17,18,19], 9[1,2,3,4,5,6,7,8,9,10,11,12,13,14,15,16,17,18,19,20,21,22,23,24], 11[1,2,3,4,5,6,7,8,9,10,11,12,13,14,15,16,17,18,19,20,21,22,23,24,25], 13[1,2,3,4,6,7,8,9,10,11,12,13,14,15,16,17,18,19,20,21,22,23,24,25]]
   00:00:00:00:00:04    00:00:00:00:00:0a  [5[4,9,14,19,24], 7[3,4,5,8,9,10,13,14,15,18,19,20,23,24,25], 9[2,3,4,5,7,8,9,10,12,13,14,15,17,18,19,20,22,23,24,25], 11[1,2,3,4,5,6,7,8,9,10,11,12,13,14,15,16,17,18,19,20,21,22,23,24,25], 13[1,2,3,4,6,7,8,9,10,11,12,13,14,15,16,17,18,19,20,21,22,23,24,25]]
   00:00:00:00:00:10    00:00:00:00:00:04  [5[1,2,3,4,6,7,8,9], 7[1,2,3,4,5,6,7,8,9,10,11,12,13,14], 9[1,2,3,4,5,6,7,8,9,10,11,12,13,14,15,16,17,18,19], 11[1,2,3,4,5,6,7,8,9,10,11,12,13,14,15,16,17,18,19,20,21,22,23,24], 13[1,2,3,4,5,6,7,8,9,10,11,12,13,14,15,16,17,18,19,20,21,22,23,24,25]]
   00:00:00:00:00:10    00:00:00:00:00:01  [2[1,6], 4[1,2,6,7], 6[1,2,3,6,7,8,11,12], 8[1,2,3,4,6,7,8,9,11,12,13,16,17], 10[1,2,3,4,5,6,7,8,9,10,11,12,13,14,16,17,18,21,22], 12[1,2,3,4,5,6,7,8,9,10,11,12,13,14,15,16,17,18,19,21,22,23], 14[1,2,3,4,5,6,7,8,9,10,11,12,13,14,15,16,17,18,19,20,21,22,23,24], 16[1,2,3,4,5,6,7,8,9,10,11,12,13,14,15,16,17,18,19,20,21,22,23,24,25]]
   00:00:00:00:00:10    00:00:00:00:00:0f  [2[6,11], 4[6,7,11,12], 6[1,2,6,7,8,11,12,13,16,17], 8[1,2,3,6,7,8,9,11,12,13,14,16,17,18,21,22], 10[1,2,3,4,6,7,8,9,10,11,12,13,14,15,16,17,18,19,21,22,23], 12[1,2,3,4,5,6,7,8,9,10,11,12,13,14,15,16,17,18,19,20,21,22,23,24], 14[1,2,3,4,5,6,7,8,9,10,11,12,13,14,15,16,17,18,19,20,21,22,23,24]]
   00:00:00:00:00:10    00:00:00:00:00:03  [4[1,2,3,6,7,8], 6[1,2,3,4,6,7,8,9,11,12,13], 8[1,2,3,4,5,6,7,8,9,10,11,12,13,14,16,17,18], 10[1,2,3,4,5,6,7,8,9,10,11,12,13,14,15,16,17,18,19,21,22,23], 12[1,2,3,4,5,6,7,8,9,10,11,12,13,14,15,16,17,18,19,20,21,22,23,24], 14[1,2,3,4,5,6,7,8,9,10,11,12,13,14,15,16,17,18,19,20,21,22,23,24,25]]
   00:00:00:00:00:10    00:00:00:00:00:02  [3[1,2,6,7], 5[2,3,6,7,8,11,12], 7[2,3,4,6,7,8,9,11,12,13,16,17], 9[2,3,4,5,6,7,8,9,10,11,12,13,14,16,17,18,21,22], 11[2,3,4,5,6,7,8,9,10,11,12,13,14,15,16,17,18,19,21,22,23], 13[2,3,4,5,6,7,8,9,10,11,12,13,14,15,16,17,18,19,20,21,22,23,24], 15[2,3,4,5,6,7,8,9,10,11,12,13,14,15,16,17,18,19,20,21,22,23,24,25]]
   00:00:00:00:00:10    00:00:00:00:00:06  [5[6,7,8,9,10], 7[1,2,3,4,5,6,7,8,9,10,11,12,13,14,15], 9[1,2,3,4,5,6,7,8,9,10,11,12,13,14,15,16,17,18,19,20], 11[1,2,3,4,5,6,7,8,9,10,11,12,13,14,15,16,17,18,19,20,21,22,23,24,25], 13[1,2,3,4,5,6,7,8,9,10,11,12,13,14,15,16,17,18,19,20,21,22,23,24,25]]
   00:00:00:00:00:10    00:00:00:00:00:05  [6[1,2,3,4,5,6,7,8,9,10], 8[1,2,3,4,5,6,7,8,9,10,11,12,13,14,15], 10[1,2,3,4,5,6,7,8,9,10,11,12,13,14,15,16,17,18,19,20], 12[1,2,3,4,5,6,7,8,9,10,11,12,13,14,15,16,17,18,19,20,21,22,23,24,25], 14[1,2,3,4,5,6,7,8,9,10,11,12,13,14,15,16,17,18,19,20,23,24,25]]
   00:00:00:00:00:10    00:00:00:00:00:0b  [6[6,7,8,11,12,13,16,17,18,21,22,23], 8[1,2,3,6,7,8,9,11,12,13,14,16,17,18,19,21,22,23,24], 10[1,2,3,4,6,7,8,9,10,11,12,13,14,15,16,17,18,19,20,21,22,23,24,25], 12[1,2,3,4,5,6,7,8,9,10,11,12,13,14,15,16,17,18,19,20,21,22,23,24,25]]
   00:00:00:00:00:10    00:00:00:00:00:0d  [4[6,11,16,21], 6[6,7,11,12,16,17,21,22], 8[1,2,6,7,8,11,12,13,16,17,18,21,22,23], 10[1,2,3,6,7,8,9,11,12,13,14,16,17,18,19,21,22,23,24], 12[1,2,3,4,6,7,8,9,10,11,12,13,14,15,16,17,18,19,20,21,22,23,24,25], 14[1,2,3,4,5,6,7,8,9,10,11,12,13,14,15,16,17,18,19,20,21,22,23,24,25]]
   00:00:00:00:00:10    00:00:00:00:00:0c  [5[6,7,11,12,16,17,21,22], 7[1,2,6,7,8,11,12,13,16,17,18,21,22,23], 9[1,2,3,6,7,8,9,11,12,13,14,16,17,18,19,21,22,23,24], 11[1,2,3,4,6,7,8,9,10,11,12,13,14,15,16,17,18,19,20,21,22,23,24,25], 13[1,2,3,4,5,6,7,8,9,10,11,12,13,14,15,16,17,18,19,20,21,22,23,24,25]]
   00:00:00:00:00:10    00:00:00:00:00:07  [6[6,7,8,9,10,11,12,13,14,15], 8[1,2,3,4,5,6,7,8,9,10,11,12,13,14,15,16,17,18,19,20], 10[1,2,3,4,5,6,7,8,9,10,11,12,13,14,15,16,17,18,19,20,21,22,23,24,25], 12[1,2,3,4,5,6,7,8,9,10,11,12,13,14,15,16,17,18,19,20,21,22,23,24,25]]
   00:00:00:00:00:10    00:00:00:00:00:09  [8[6,7,8,9,10,11,12,13,14,15,16,17,18,19,20,21,22,23,24,25], 10[1,2,3,4,5,6,7,8,9,10,11,12,13,14,15,16,17,18,19,20,21,22,23,24,25], 12[1,2,3,4,5,6,7,8,9,10,11,12,13,14,15,16,17,18,19,20,21,22,23,24,25]]
   00:00:00:00:00:10    00:00:00:00:00:08  [7[6,7,8,9,10,11,12,13,14,15,16,17,18,19,20], 9[1,2,3,4,5,6,7,8,9,10,11,12,13,14,15,16,17,18,19,20,21,22,23,24,25], 11[1,2,3,4,5,6,7,8,9,10,11,12,13,14,15,16,17,18,19,20,21,22,23,24,25], 13[1,2,3,4,5,6,7,8,9,10,11,12,13,14,15,16,17,18,19,20,21,22,23,24,25]]
   00:00:00:00:00:10    00:00:00:00:00:0e  [3[6,11,16], 5[6,7,11,12,16,17], 7[1,2,6,7,8,11,12,13,16,17,18,21,22], 9[1,2,3,6,7,8,9,11,12,13,14,16,17,18,19,21,22,23], 11[1,2,3,4,6,7,8,9,10,11,12,13,14,15,16,17,18,19,20,21,22,23,24], 13[1,2,3,4,5,6,7,8,9,10,11,12,13,14,15,16,17,18,19,20,21,22,23,24,25]]
   00:00:00:00:00:10    00:00:00:00:00:0a  [7[6,7,8,9,11,12,13,14,16,17,18,19,21,22,23,24], 9[1,2,3,4,6,7,8,9,10,11,12,13,14,15,16,17,18,19,20,21,22,23,24,25], 11[1,2,3,4,5,6,7,8,9,10,11,12,13,14,15,16,17,18,19,20,21,22,23,24,25], 13[1,2,3,4,5,6,7,8,9,10,11,12,13,14,15,16,17,18,19,20,21,22,23,24,25]]
   00:00:00:00:00:01    00:00:00:00:00:04  [4[1,2,3,4], 6[1,2,3,4,6,7,8,9], 8[1,2,3,4,5,6,7,8,9,10,11,12,13,14], 10[1,2,3,4,5,6,7,8,9,10,11,12,13,14,15,16,17,18,19], 12[1,2,3,4,5,6,7,8,9,10,11,12,13,14,15,16,17,18,19,20,21,22,23,24], 14[1,2,3,4,5,6,7,8,9,10,11,12,13,14,15,16,17,18,19,20,21,22,23,24,25]]
   00:00:00:00:00:01    00:00:00:00:00:10  [2[1,6], 4[1,2,6,7], 6[1,2,3,6,7,8,11,12], 8[1,2,3,4,6,7,8,9,11,12,13,16,17], 10[1,2,3,4,5,6,7,8,9,10,11,12,13,14,16,17,18,21,22], 12[1,2,3,4,5,6,7,8,9,10,11,12,13,14,15,16,17,18,19,21,22,23], 14[1,2,3,4,5,6,7,8,9,10,11,12,13,14,15,16,17,18,19,20,21,22,23,24], 16[1,2,3,4,5,6,7,8,9,10,11,12,13,14,15,16,17,18,19,20,21,22,23,24,25]]
   00:00:00:00:00:01    00:00:00:00:00:0f  [3[1,6,11], 5[1,2,6,7,11,12], 7[1,2,3,6,7,8,11,12,13,16,17], 9[1,2,3,4,6,7,8,9,11,12,13,14,16,17,18,21,22], 11[1,2,3,4,5,6,7,8,9,10,11,12,13,14,15,16,17,18,19,21,22,23], 13[1,2,3,4,5,6,7,8,9,10,11,12,13,14,15,16,17,18,19,20,21,22,23,24], 15[1,2,3,4,5,6,7,8,9,10,11,12,13,14,15,16,17,18,19,20,21,22,23,24,25]]
   00:00:00:00:00:01    00:00:00:00:00:03  [3[1,2,3], 5[1,2,3,6,7,8], 7[1,2,3,4,6,7,8,9,11,12,13], 9[1,2,3,4,5,6,7,8,9,10,11,12,13,14,16,17,18], 11[1,2,3,4,5,6,7,8,9,10,11,12,13,14,15,16,17,18,19,21,22,23], 13[1,2,3,4,5,6,7,8,9,10,11,12,13,14,15,16,17,18,19,20,21,22,23,24], 15[1,2,3,4,5,6,7,8,9,10,11,12,13,14,15,16,17,18,19,20,21,22,23,24]]
   00:00:00:00:00:01    00:00:00:00:00:02  [2[1,2], 4[1,2,6,7], 6[1,2,3,6,7,8,11,12], 8[1,2,3,4,6,7,8,9,11,12,13,16,17], 10[1,2,3,4,5,6,7,8,9,10,11,12,13,14,16,17,18,21,22], 12[1,2,3,4,5,6,7,8,9,10,11,12,13,14,15,16,17,18,19,21,22,23], 14[1,2,3,4,5,6,7,8,9,10,11,12,13,14,15,16,17,18,19,20,21,22,23,24], 16[1,2,3,4,5,6,7,8,9,10,11,12,13,14,15,16,17,18,19,20,21,22,23,24,25]]
   00:00:00:00:00:01    00:00:00:00:00:06  [6[1,2,3,4,5,6,7,8,9,10], 8[1,2,3,4,5,6,7,8,9,10,11,12,13,14,15], 10[1,2,3,4,5,6,7,8,9,10,11,12,13,14,15,16,17,18,19,20], 12[1,2,3,4,5,6,7,8,9,10,11,12,13,14,15,16,17,18,19,20,21,22,23,24,25], 14[1,2,3,4,5,6,7,8,9,10,11,12,13,14,15,16,17,18,19,20,22,23,24,25]]
   00:00:00:00:00:01    00:00:00:00:00:05  [5[1,2,3,4,5], 7[1,2,3,4,5,6,7,8,9,10], 9[1,2,3,4,5,6,7,8,9,10,11,12,13,14,15], 11[1,2,3,4,5,6,7,8,9,10,11,12,13,14,15,16,17,18,19,20], 13[1,2,3,4,5,6,7,8,9,10,11,12,13,14,15,16,17,18,19,20,22,23,24,25]]
   00:00:00:00:00:01    00:00:00:00:00:0b  [7[1,2,3,6,7,8,11,12,13,16,17,18,21,22,23], 9[1,2,3,4,6,7,8,9,11,12,13,14,16,17,18,19,21,22,23,24], 11[1,2,3,4,5,6,7,8,9,10,11,12,13,14,15,16,17,18,19,20,21,22,23,24,25], 13[1,2,3,4,5,6,7,8,9,10,11,12,13,14,15,16,17,18,19,20,21,22,23,24,25]]
   00:00:00:00:00:01    00:00:00:00:00:0d  [5[1,6,11,16,21], 7[1,2,6,7,11,12,16,17,21,22], 9[1,2,3,6,7,8,11,12,13,16,17,18,21,22,23], 11[1,2,3,4,6,7,8,9,11,12,13,14,16,17,18,19,21,22,23,24], 13[1,2,3,4,5,6,7,8,9,10,11,12,13,14,15,16,17,18,19,20,21,22,23,24,25]]
   00:00:00:00:00:01    00:00:00:00:00:0c  [6[1,2,6,7,11,12,16,17,21,22], 8[1,2,3,6,7,8,11,12,13,16,17,18,21,22,23], 10[1,2,3,4,6,7,8,9,11,12,13,14,16,17,18,19,21,22,23,24], 12[1,2,3,4,5,6,7,8,9,10,11,12,13,14,15,16,17,18,19,20,21,22,23,24,25], 14[1,2,3,4,5,6,7,8,9,10,11,12,13,14,15,16,17,18,19,20,21,22,23,24,25]]
   00:00:00:00:00:01    00:00:00:00:00:07  [7[1,2,3,4,5,6,7,8,9,10,11,12,13,14,15], 9[1,2,3,4,5,6,7,8,9,10,11,12,13,14,15,16,17,18,19,20], 11[1,2,3,4,5,6,7,8,9,10,11,12,13,14,15,16,17,18,19,20,21,22,23,24,25], 13[1,2,3,4,5,6,7,8,9,10,11,12,13,14,15,16,17,18,19,20,21,22,23,24,25]]
   00:00:00:00:00:01    00:00:00:00:00:09  [9[1,2,3,4,5,6,7,8,9,10,11,12,13,14,15,16,17,18,19,20,21,22,23,24,25], 11[1,2,3,4,5,6,7,8,9,10,11,12,13,14,15,16,17,18,19,20,21,22,23,24,25], 13[1,2,3,4,5,6,7,8,9,10,11,12,13,14,15,16,17,18,19,20,21,22,23,24,25]]
   00:00:00:00:00:01    00:00:00:00:00:08  [8[1,2,3,4,5,6,7,8,9,10,11,12,13,14,15,16,17,18,19,20], 10[1,2,3,4,5,6,7,8,9,10,11,12,13,14,15,16,17,18,19,20,21,22,23,24,25], 12[1,2,3,4,5,6,7,8,9,10,11,12,13,14,15,16,17,18,19,20,21,22,23,24,25]]
   00:00:00:00:00:01    00:00:00:00:00:0e  [4[1,6,11,16], 6[1,2,6,7,11,12,16,17], 8[1,2,3,6,7,8,11,12,13,16,17,18,21,22], 10[1,2,3,4,6,7,8,9,11,12,13,14,16,17,18,19,21,22,23], 12[1,2,3,4,5,6,7,8,9,10,11,12,13,14,15,16,17,18,19,20,21,22,23,24], 14[1,2,3,4,5,6,7,8,9,10,11,12,13,14,15,16,17,18,19,20,21,22,23,24,25]]
   00:00:00:00:00:01    00:00:00:00:00:0a  [8[1,2,3,4,6,7,8,9,11,12,13,14,16,17,18,19,21,22,23,24], 10[1,2,3,4,5,6,7,8,9,10,11,12,13,14,15,16,17,18,19,20,21,22,23,24,25], 12[1,2,3,4,5,6,7,8,9,10,11,12,13,14,15,16,17,18,19,20,21,22,23,24,25]]
   00:00:00:00:00:0f    00:00:00:00:00:04  [6[1,2,3,4,6,7,8,9,11,12,13,14], 8[1,2,3,4,5,6,7,8,9,10,11,12,13,14,15,16,17,18,19], 10[1,2,3,4,5,6,7,8,9,10,11,12,13,14,15,16,17,18,19,20,21,22,23,24], 12[1,2,3,4,5,6,7,8,9,10,11,12,13,14,15,16,17,18,19,20,21,22,23,24,25]]
   00:00:00:00:00:0f    00:00:00:00:00:10  [2[6,11], 4[6,7,11,12], 6[1,2,6,7,8,11,12,13,16,17], 8[1,2,3,6,7,8,9,11,12,13,14,16,17,18,21,22], 10[1,2,3,4,6,7,8,9,10,11,12,13,14,15,16,17,18,19,21,22,23], 12[1,2,3,4,5,6,7,8,9,10,11,12,13,14,15,16,17,18,19,20,21,22,23,24], 14[1,2,3,4,5,6,7,8,9,10,11,12,13,14,15,16,17,18,19,20,21,22,23,24,25]]
   00:00:00:00:00:0f    00:00:00:00:00:01  [3[1,6,11], 5[1,2,6,7,11,12], 7[1,2,3,6,7,8,11,12,13,16,17], 9[1,2,3,4,6,7,8,9,11,12,13,14,16,17,18,21,22], 11[1,2,3,4,5,6,7,8,9,10,11,12,13,14,15,16,17,18,19,21,22,23], 13[1,2,3,4,5,6,7,8,9,10,11,12,13,14,15,16,17,18,19,20,21,22,23,24], 15[1,2,3,4,5,6,7,8,9,10,11,12,13,14,15,16,17,18,19,20,21,22,23,24,25]]
   00:00:00:00:00:0f    00:00:00:00:00:03  [5[1,2,3,6,7,8,11,12,13], 7[1,2,3,4,6,7,8,9,11,12,13,14,16,17,18], 9[1,2,3,4,5,6,7,8,9,10,11,12,13,14,15,16,17,18,19,21,22,23], 11[1,2,3,4,5,6,7,8,9,10,11,12,13,14,15,16,17,18,19,20,21,22,23,24], 13[1,2,3,4,5,6,7,8,9,10,11,12,13,14,15,16,17,18,19,20,21,22,23,24,25]]
   00:00:00:00:00:0f    00:00:00:00:00:02  [4[1,2,6,7,11,12], 6[1,2,3,6,7,8,11,12,13,16,17], 8[1,2,3,4,6,7,8,9,11,12,13,14,16,17,18,21,22], 10[1,2,3,4,5,6,7,8,9,10,11,12,13,14,15,16,17,18,19,21,22,23], 12[1,2,3,4,5,6,7,8,9,10,11,12,13,14,15,16,17,18,19,20,21,22,23,24], 14[1,2,3,4,5,6,7,8,9,10,11,12,13,14,15,16,17,18,19,20,21,22,23,24,25]]
   00:00:00:00:00:0f    00:00:00:00:00:06  [6[6,7,8,9,10,11,12,13,14,15], 8[1,2,3,4,5,6,7,8,9,10,11,12,13,14,15,16,17,18,19,20], 10[1,2,3,4,5,6,7,8,9,10,11,12,13,14,15,16,17,18,19,20,21,22,23,24,25], 12[1,2,3,4,5,6,7,8,9,10,11,12,13,14,15,16,17,18,19,20,21,22,23,24,25]]
   00:00:00:00:00:0f    00:00:00:00:00:05  [7[1,2,3,4,5,6,7,8,9,10,11,12,13,14,15], 9[1,2,3,4,5,6,7,8,9,10,11,12,13,14,15,16,17,18,19,20], 11[1,2,3,4,5,6,7,8,9,10,11,12,13,14,15,16,17,18,19,20,21,22,23,24,25], 13[1,2,3,4,5,6,7,8,9,10,11,12,13,14,15,16,17,18,19,20,21,22,23,24,25]]
   00:00:00:00:00:0f    00:00:00:00:00:0b  [5[11,12,13,16,17,18,21,22,23], 7[6,7,8,11,12,13,14,16,17,18,19,21,22,23,24], 9[1,2,3,6,7,8,9,11,12,13,14,15,16,17,18,19,20,21,22,23,24,25], 11[1,2,3,4,6,7,8,9,10,11,12,13,14,15,16,17,18,19,20,21,22,23,24,25], 13[1,2,3,4,5,6,7,8,9,10,11,12,13,14,15,16,17,18,19,20,21,22,23,24,25]]
   00:00:00:00:00:0f    00:00:00:00:00:0d  [3[11,16,21], 5[11,12,16,17,21,22], 7[6,7,11,12,13,16,17,18,21,22,23], 9[1,2,6,7,8,11,12,13,14,16,17,18,19,21,22,23,24], 11[1,2,3,6,7,8,9,11,12,13,14,15,16,17,18,19,20,21,22,23,24,25], 13[1,2,3,4,6,7,8,9,10,11,12,13,14,15,16,17,18,19,20,21,22,23,24,25], 15[1,2,3,4,5,6,7,8,9,10,11,12,13,14,15,16,17,18,19,20,21,22,23,24,25]]
   00:00:00:00:00:0f    00:00:00:00:00:0c  [4[11,12,16,17,21,22], 6[6,7,11,12,13,16,17,18,21,22,23], 8[1,2,6,7,8,11,12,13,14,16,17,18,19,21,22,23,24], 10[1,2,3,6,7,8,9,11,12,13,14,15,16,17,18,19,20,21,22,23,24,25], 12[1,2,3,4,6,7,8,9,10,11,12,13,14,15,16,17,18,19,20,21,22,23,24,25], 14[1,2,3,4,5,6,7,8,9,10,11,12,13,14,15,16,17,18,19,20,21,22,23,24,25]]
   00:00:00:00:00:0f    00:00:00:00:00:07  [5[11,12,13,14,15], 7[6,7,8,9,10,11,12,13,14,15,16,17,18,19,20], 9[1,2,3,4,5,6,7,8,9,10,11,12,13,14,15,16,17,18,19,20,21,22,23,24,25], 11[1,2,3,4,5,6,7,8,9,10,11,12,13,14,15,16,17,18,19,20,21,22,23,24,25], 13[1,2,3,4,5,6,7,8,9,10,11,12,13,14,15,16,17,18,19,20,21,22,23,24,25]]
   00:00:00:00:00:0f    00:00:00:00:00:09  [7[11,12,13,14,15,16,17,18,19,20,21,22,23,24,25], 9[6,7,8,9,10,11,12,13,14,15,16,17,18,19,20,21,22,23,24,25], 11[1,2,3,4,5,6,7,8,9,10,11,12,13,14,15,16,17,18,19,20,21,22,23,24,25], 13[1,2,3,4,5,6,7,8,9,10,11,12,13,14,15,16,17,18,19,20,21,22,23,24,25]]
   00:00:00:00:00:0f    00:00:00:00:00:08  [6[11,12,13,14,15,16,17,18,19,20], 8[6,7,8,9,10,11,12,13,14,15,16,17,18,19,20,21,22,23,24,25], 10[1,2,3,4,5,6,7,8,9,10,11,12,13,14,15,16,17,18,19,20,21,22,23,24,25], 12[1,2,3,4,5,6,7,8,9,10,11,12,13,14,15,16,17,18,19,20,21,22,23,24,25]]
   00:00:00:00:00:0f    00:00:00:00:00:0e  [2[11,16], 4[11,12,16,17], 6[6,7,11,12,13,16,17,18,21,22], 8[1,2,6,7,8,11,12,13,14,16,17,18,19,21,22,23], 10[1,2,3,6,7,8,9,11,12,13,14,15,16,17,18,19,20,21,22,23,24], 12[1,2,3,4,6,7,8,9,10,11,12,13,14,15,16,17,18,19,20,21,22,23,24,25], 14[1,2,3,4,5,6,7,8,9,10,11,12,13,14,15,16,17,18,19,20,21,22,23,24,25]]
   00:00:00:00:00:0f    00:00:00:00:00:0a  [6[11,12,13,14,16,17,18,19,21,22,23,24], 8[6,7,8,9,11,12,13,14,15,16,17,18,19,20,21,22,23,24,25], 10[1,2,3,4,6,7,8,9,10,11,12,13,14,15,16,17,18,19,20,21,22,23,24,25], 12[1,2,3,4,5,6,7,8,9,10,11,12,13,14,15,16,17,18,19,20,21,22,23,24,25]]
   00:00:00:00:00:03    00:00:00:00:00:04  [2[3,4], 4[3,4,8,9], 6[2,3,4,5,7,8,9,10,13,14], 8[1,2,3,4,5,6,7,8,9,10,12,13,14,15,18,19], 10[1,2,3,4,5,6,7,8,9,10,11,12,13,14,15,17,18,19,20,23,24], 12[1,2,3,4,5,6,7,8,9,10,11,12,13,14,15,16,17,18,19,20,22,23,24,25], 14[1,2,3,4,5,6,7,8,9,10,11,12,13,14,15,16,17,18,19,20,21,22,23,24,25]]
   00:00:00:00:00:03    00:00:00:00:00:10  [4[1,2,3,6,7,8], 6[1,2,3,4,6,7,8,9,11,12,13], 8[1,2,3,4,5,6,7,8,9,10,11,12,13,14,16,17,18], 10[1,2,3,4,5,6,7,8,9,10,11,12,13,14,15,16,17,18,19,21,22,23], 12[1,2,3,4,5,6,7,8,9,10,11,12,13,14,15,16,17,18,19,20,21,22,23,24], 14[1,2,3,4,5,6,7,8,9,10,11,12,13,14,15,16,17,18,19,20,21,22,23,24,25]]
   00:00:00:00:00:03    00:00:00:00:00:01  [3[1,2,3], 5[1,2,3,6,7,8], 7[1,2,3,4,6,7,8,9,11,12,13], 9[1,2,3,4,5,6,7,8,9,10,11,12,13,14,16,17,18], 11[1,2,3,4,5,6,7,8,9,10,11,12,13,14,15,16,17,18,19,21,22,23], 13[1,2,3,4,5,6,7,8,9,10,11,12,13,14,15,16,17,18,19,20,21,22,23,24], 15[1,2,3,4,5,6,7,8,9,10,11,12,13,14,15,16,17,18,19,20,21,22,23,24]]
   00:00:00:00:00:03    00:00:00:00:00:0f  [5[1,2,3,6,7,8,11,12,13], 7[1,2,3,4,6,7,8,9,11,12,13,14,16,17,18], 9[1,2,3,4,5,6,7,8,9,10,11,12,13,14,15,16,17,18,19,21,22,23], 11[1,2,3,4,5,6,7,8,9,10,11,12,13,14,15,16,17,18,19,20,21,22,23,24], 13[1,2,3,4,5,6,7,8,9,10,11,12,13,14,15,16,17,18,19,20,21,22,23,24,25]]
   00:00:00:00:00:03    00:00:00:00:00:02  [2[2,3], 4[2,3,7,8], 6[1,2,3,4,6,7,8,9,12,13], 8[1,2,3,4,5,6,7,8,9,10,11,12,13,14,17,18], 10[1,2,3,4,5,6,7,8,9,10,11,12,13,14,15,16,17,18,19,22,23], 12[1,2,3,4,5,6,7,8,9,10,11,12,13,14,15,16,17,18,19,20,21,22,23,24], 14[1,2,3,4,5,6,7,8,9,10,11,12,13,14,15,16,17,18,19,20,21,22,23,24,25]]
   00:00:00:00:00:03    00:00:00:00:00:06  [4[3,4,5,8,9,10], 6[2,3,4,5,7,8,9,10,13,14,15], 8[1,2,3,4,5,6,7,8,9,10,12,13,14,15,18,19,20], 10[1,2,3,4,5,6,7,8,9,10,11,12,13,14,15,17,18,19,20,23,24,25], 12[1,2,3,4,5,6,7,8,9,10,11,12,13,14,15,16,17,18,19,20,22,23,24,25], 14[1,2,3,4,5,6,7,8,9,10,11,12,13,14,15,16,17,18,19,20,21,22,23,24,25]]
   00:00:00:00:00:03    00:00:00:00:00:05  [3[3,4,5], 5[3,4,5,8,9,10], 7[2,3,4,5,7,8,9,10,13,14,15], 9[1,2,3,4,5,6,7,8,9,10,12,13,14,15,18,19,20], 11[1,2,3,4,5,6,7,8,9,10,11,12,13,14,15,17,18,19,20,23,24,25], 13[1,2,3,4,5,6,7,8,9,10,11,12,13,14,15,16,17,18,19,20,22,23,24,25], 15[1,2,3,4,5,6,7,8,9,10,11,12,13,14,15,16,17,18,19,20,22,23,24,25]]
   00:00:00:00:00:03    00:00:00:00:00:0b  [5[3,8,13,18,23], 7[2,3,4,7,8,9,12,13,14,17,18,19,22,23,24], 9[1,2,3,4,5,6,7,8,9,10,11,12,13,14,15,16,17,18,19,20,21,22,23,24,25], 11[1,2,3,4,5,6,7,8,9,10,11,12,13,14,15,16,17,18,19,20,21,22,23,24,25], 13[1,2,3,4,5,6,7,8,9,10,11,12,13,14,15,16,17,18,19,20,21,22,23,24,25]]
   00:00:00:00:00:03    00:00:00:00:00:0d  [7[1,2,3,6,7,8,11,12,13,16,17,18,21,22,23], 9[1,2,3,4,6,7,8,9,11,12,13,14,16,17,18,19,21,22,23,24], 11[1,2,3,4,5,6,7,8,9,10,11,12,13,14,15,16,17,18,19,20,21,22,23,24,25], 13[1,2,3,4,5,6,7,8,9,10,11,12,13,14,15,16,17,18,19,20,21,22,23,24,25]]
   00:00:00:00:00:03    00:00:00:00:00:0c  [6[2,3,7,8,12,13,17,18,22,23], 8[1,2,3,4,6,7,8,9,11,12,13,14,16,17,18,19,21,22,23,24], 10[1,2,3,4,5,6,7,8,9,10,11,12,13,14,15,16,17,18,19,20,21,22,23,24,25], 12[1,2,3,4,5,6,7,8,9,10,11,12,13,14,15,16,17,18,19,20,21,22,23,24,25]]
   00:00:00:00:00:03    00:00:00:00:00:07  [5[3,4,5,8,9,10,13,14,15], 7[2,3,4,5,7,8,9,10,12,13,14,15,18,19,20], 9[1,2,3,4,5,6,7,8,9,10,11,12,13,14,15,17,18,19,20,23,24,25], 11[1,2,3,4,5,6,7,8,9,10,11,12,13,14,15,16,17,18,19,20,22,23,24,25], 13[1,2,3,4,5,6,7,8,9,10,11,12,13,14,15,16,17,18,19,20,21,22,23,24,25]]
   00:00:00:00:00:03    00:00:00:00:00:09  [7[3,4,5,8,9,10,13,14,15,18,19,20,23,24,25], 9[2,3,4,5,7,8,9,10,12,13,14,15,17,18,19,20,22,23,24,25], 11[1,2,3,4,5,6,7,8,9,10,11,12,13,14,15,16,17,18,19,20,21,22,23,24,25], 13[1,2,3,4,5,6,7,8,9,10,11,12,13,14,15,16,17,18,19,20,21,22,23,24,25]]
   00:00:00:00:00:03    00:00:00:00:00:08  [6[3,4,5,8,9,10,13,14,15,18,19,20], 8[2,3,4,5,7,8,9,10,12,13,14,15,17,18,19,20,23,24,25], 10[1,2,3,4,5,6,7,8,9,10,11,12,13,14,15,16,17,18,19,20,22,23,24,25], 12[1,2,3,4,5,6,7,8,9,10,11,12,13,14,15,16,17,18,19,20,21,22,23,24,25]]
   00:00:00:00:00:03    00:00:00:00:00:0e  [6[1,2,3,6,7,8,11,12,13,16,17,18], 8[1,2,3,4,6,7,8,9,11,12,13,14,16,17,18,19,21,22,23], 10[1,2,3,4,5,6,7,8,9,10,11,12,13,14,15,16,17,18,19,20,21,22,23,24], 12[1,2,3,4,5,6,7,8,9,10,11,12,13,14,15,16,17,18,19,20,21,22,23,24,25]]
   00:00:00:00:00:03    00:00:00:00:00:0a  [6[3,4,8,9,13,14,18,19,23,24], 8[2,3,4,5,7,8,9,10,12,13,14,15,17,18,19,20,22,23,24,25], 10[1,2,3,4,5,6,7,8,9,10,11,12,13,14,15,16,17,18,19,20,21,22,23,24,25], 12[1,2,3,4,5,6,7,8,9,10,11,12,13,14,15,16,17,18,19,20,21,22,23,24,25]]
   00:00:00:00:00:02    00:00:00:00:00:04  [3[2,3,4], 5[2,3,4,7,8,9], 7[1,2,3,4,5,6,7,8,9,10,12,13,14], 9[1,2,3,4,5,6,7,8,9,10,11,12,13,14,15,17,18,19], 11[1,2,3,4,5,6,7,8,9,10,11,12,13,14,15,16,17,18,19,20,22,23,24], 13[1,2,3,4,5,6,7,8,9,10,11,12,13,14,15,16,17,18,19,20,21,22,23,24,25]]
   00:00:00:00:00:02    00:00:00:00:00:10  [3[1,2,6,7], 5[2,3,6,7,8,11,12], 7[2,3,4,6,7,8,9,11,12,13,16,17], 9[2,3,4,5,6,7,8,9,10,11,12,13,14,16,17,18,21,22], 11[2,3,4,5,6,7,8,9,10,11,12,13,14,15,16,17,18,19,21,22,23], 13[2,3,4,5,6,7,8,9,10,11,12,13,14,15,16,17,18,19,20,21,22,23,24], 15[2,3,4,5,6,7,8,9,10,11,12,13,14,15,16,17,18,19,20,21,22,23,24,25]]
   00:00:00:00:00:02    00:00:00:00:00:01  [2[1,2], 4[1,2,6,7], 6[1,2,3,6,7,8,11,12], 8[1,2,3,4,6,7,8,9,11,12,13,16,17], 10[1,2,3,4,5,6,7,8,9,10,11,12,13,14,16,17,18,21,22], 12[1,2,3,4,5,6,7,8,9,10,11,12,13,14,15,16,17,18,19,21,22,23], 14[1,2,3,4,5,6,7,8,9,10,11,12,13,14,15,16,17,18,19,20,21,22,23,24], 16[1,2,3,4,5,6,7,8,9,10,11,12,13,14,15,16,17,18,19,20,21,22,23,24,25]]
   00:00:00:00:00:02    00:00:00:00:00:0f  [4[1,2,6,7,11,12], 6[1,2,3,6,7,8,11,12,13,16,17], 8[1,2,3,4,6,7,8,9,11,12,13,14,16,17,18,21,22], 10[1,2,3,4,5,6,7,8,9,10,11,12,13,14,15,16,17,18,19,21,22,23], 12[1,2,3,4,5,6,7,8,9,10,11,12,13,14,15,16,17,18,19,20,21,22,23,24], 14[1,2,3,4,5,6,7,8,9,10,11,12,13,14,15,16,17,18,19,20,21,22,23,24,25]]
   00:00:00:00:00:02    00:00:00:00:00:03  [2[2,3], 4[2,3,7,8], 6[1,2,3,4,6,7,8,9,12,13], 8[1,2,3,4,5,6,7,8,9,10,11,12,13,14,17,18], 10[1,2,3,4,5,6,7,8,9,10,11,12,13,14,15,16,17,18,19,22,23], 12[1,2,3,4,5,6,7,8,9,10,11,12,13,14,15,16,17,18,19,20,21,22,23,24], 14[1,2,3,4,5,6,7,8,9,10,11,12,13,14,15,16,17,18,19,20,21,22,23,24,25]]
   00:00:00:00:00:02    00:00:00:00:00:06  [5[2,3,4,5,7,8,9,10], 7[1,2,3,4,5,6,7,8,9,10,12,13,14,15], 9[1,2,3,4,5,6,7,8,9,10,11,12,13,14,15,17,18,19,20], 11[1,2,3,4,5,6,7,8,9,10,11,12,13,14,15,16,17,18,19,20,22,23,24,25], 13[1,2,3,4,5,6,7,8,9,10,11,12,13,14,15,16,17,18,19,20,21,22,23,24,25]]
   00:00:00:00:00:02    00:00:00:00:00:05  [4[2,3,4,5], 6[2,3,4,5,7,8,9,10], 8[1,2,3,4,5,6,7,8,9,10,12,13,14,15], 10[1,2,3,4,5,6,7,8,9,10,11,12,13,14,15,17,18,19,20], 12[1,2,3,4,5,6,7,8,9,10,11,12,13,14,15,16,17,18,19,20,22,23,24,25], 14[1,2,3,4,5,6,7,8,9,10,11,12,13,14,15,16,17,18,19,20,22,23,24,25]]
   00:00:00:00:00:02    00:00:00:00:00:0b  [6[2,3,7,8,12,13,17,18,22,23], 8[1,2,3,4,6,7,8,9,11,12,13,14,16,17,18,19,21,22,23,24], 10[1,2,3,4,5,6,7,8,9,10,11,12,13,14,15,16,17,18,19,20,21,22,23,24,25], 12[1,2,3,4,5,6,7,8,9,10,11,12,13,14,15,16,17,18,19,20,21,22,23,24,25]]
   00:00:00:00:00:02    00:00:00:00:00:0d  [6[1,2,6,7,11,12,16,17,21,22], 8[1,2,3,6,7,8,11,12,13,16,17,18,21,22,23], 10[1,2,3,4,6,7,8,9,11,12,13,14,16,17,18,19,21,22,23,24], 12[1,2,3,4,5,6,7,8,9,10,11,12,13,14,15,16,17,18,19,20,21,22,23,24,25], 14[1,2,3,4,6,7,8,9,10,11,12,13,14,15,16,17,18,19,20,21,22,23,24,25]]
   00:00:00:00:00:02    00:00:00:00:00:0c  [5[2,7,12,17,22], 7[1,2,3,6,7,8,11,12,13,16,17,18,21,22,23], 9[1,2,3,4,6,7,8,9,11,12,13,14,16,17,18,19,21,22,23,24], 11[1,2,3,4,5,6,7,8,9,10,11,12,13,14,15,16,17,18,19,20,21,22,23,24,25], 13[1,2,3,4,5,6,7,8,9,10,11,12,13,14,15,16,17,18,19,20,21,22,23,24,25]]
   00:00:00:00:00:02    00:00:00:00:00:07  [6[2,3,4,5,7,8,9,10,12,13,14,15], 8[1,2,3,4,5,6,7,8,9,10,11,12,13,14,15,17,18,19,20], 10[1,2,3,4,5,6,7,8,9,10,11,12,13,14,15,16,17,18,19,20,22,23,24,25], 12[1,2,3,4,5,6,7,8,9,10,11,12,13,14,15,16,17,18,19,20,21,22,23,24,25]]
   00:00:00:00:00:02    00:00:00:00:00:09  [8[2,3,4,5,7,8,9,10,12,13,14,15,17,18,19,20,22,23,24,25], 10[1,2,3,4,5,6,7,8,9,10,11,12,13,14,15,16,17,18,19,20,21,22,23,24,25], 12[1,2,3,4,5,6,7,8,9,10,11,12,13,14,15,16,17,18,19,20,21,22,23,24,25]]
   00:00:00:00:00:02    00:00:00:00:00:08  [7[2,3,4,5,7,8,9,10,12,13,14,15,17,18,19,20], 9[1,2,3,4,5,6,7,8,9,10,11,12,13,14,15,16,17,18,19,20,22,23,24,25], 11[1,2,3,4,5,6,7,8,9,10,11,12,13,14,15,16,17,18,19,20,21,22,23,24,25], 13[1,2,3,4,5,6,7,8,9,10,11,12,13,14,15,16,17,18,19,20,21,22,23,24,25]]
   00:00:00:00:00:02    00:00:00:00:00:0e  [5[1,2,6,7,11,12,16,17], 7[1,2,3,6,7,8,11,12,13,16,17,18,21,22], 9[1,2,3,4,6,7,8,9,11,12,13,14,16,17,18,19,21,22,23], 11[1,2,3,4,5,6,7,8,9,10,11,12,13,14,15,16,17,18,19,20,21,22,23,24], 13[1,2,3,4,5,6,7,8,9,10,11,12,13,14,15,16,17,18,19,20,21,22,23,24,25]]
   00:00:00:00:00:02    00:00:00:00:00:0a  [7[2,3,4,7,8,9,12,13,14,17,18,19,22,23,24], 9[1,2,3,4,5,6,7,8,9,10,11,12,13,14,15,16,17,18,19,20,21,22,23,24,25], 11[1,2,3,4,5,6,7,8,9,10,11,12,13,14,15,16,17,18,19,20,21,22,23,24,25], 13[1,2,3,4,5,6,7,8,9,10,11,12,13,14,15,16,17,18,19,20,21,22,23,24,25]]
   00:00:00:00:00:06    00:00:00:00:00:04  [3[4,5,9,10], 5[3,4,8,9,10,14,15], 7[2,3,4,7,8,9,10,13,14,15,19,20], 9[1,2,3,4,6,7,8,9,10,12,13,14,15,18,19,20,24,25], 11[1,2,3,4,6,7,8,9,10,11,12,13,14,15,17,18,19,20,23,24,25], 13[1,2,3,4,6,7,8,9,10,11,12,13,14,15,16,17,18,19,20,22,23,24,25], 15[1,2,3,4,6,7,8,9,10,11,12,13,14,15,16,17,18,19,20,21,22,23,24,25]]
   00:00:00:00:00:06    00:00:00:00:00:10  [5[6,7,8,9,10], 7[1,2,3,4,5,6,7,8,9,10,11,12,13,14,15], 9[1,2,3,4,5,6,7,8,9,10,11,12,13,14,15,16,17,18,19,20], 11[1,2,3,4,5,6,7,8,9,10,11,12,13,14,15,16,17,18,19,20,21,22,23,24,25], 13[1,2,3,4,5,6,7,8,9,10,11,12,13,14,15,16,17,18,19,20,21,22,23,24,25]]
   00:00:00:00:00:06    00:00:00:00:00:01  [6[1,2,3,4,5,6,7,8,9,10], 8[1,2,3,4,5,6,7,8,9,10,11,12,13,14,15], 10[1,2,3,4,5,6,7,8,9,10,11,12,13,14,15,16,17,18,19,20], 12[1,2,3,4,5,6,7,8,9,10,11,12,13,14,15,16,17,18,19,20,21,22,23,24,25], 14[1,2,3,4,5,6,7,8,9,10,11,12,13,14,15,16,17,18,19,20,21,22,23]]
   00:00:00:00:00:06    00:00:00:00:00:0f  [6[6,7,8,9,10,11,12,13,14,15], 8[1,2,3,4,5,6,7,8,9,10,11,12,13,14,15,16,17,18,19,20], 10[1,2,3,4,5,6,7,8,9,10,11,12,13,14,15,16,17,18,19,20,21,22,23,24,25], 12[1,2,3,4,5,6,7,8,9,10,11,12,13,14,15,16,17,18,19,20,21,22,23,24,25]]
   00:00:00:00:00:06    00:00:00:00:00:03  [4[3,4,5,8,9,10], 6[2,3,4,5,7,8,9,10,13,14,15], 8[1,2,3,4,5,6,7,8,9,10,12,13,14,15,18,19,20], 10[1,2,3,4,5,6,7,8,9,10,11,12,13,14,15,17,18,19,20,23,24,25], 12[1,2,3,4,5,6,7,8,9,10,11,12,13,14,15,16,17,18,19,20,22,23,24,25], 14[1,2,3,4,5,6,7,8,9,10,11,12,13,14,15,16,17,18,19,20,21,22,23,24,25]]
   00:00:00:00:00:06    00:00:00:00:00:02  [5[2,3,4,5,7,8,9,10], 7[1,2,3,4,5,6,7,8,9,10,12,13,14,15], 9[1,2,3,4,5,6,7,8,9,10,11,12,13,14,15,17,18,19,20], 11[1,2,3,4,5,6,7,8,9,10,11,12,13,14,15,16,17,18,19,20,22,23,24,25], 13[1,2,3,4,5,6,7,8,9,10,11,12,13,14,15,16,17,18,19,20,21,22,23,24,25]]
   00:00:00:00:00:06    00:00:00:00:00:05  [2[5,10], 4[4,5,9,10], 6[3,4,5,8,9,10,14,15], 8[2,3,4,5,7,8,9,10,13,14,15,19,20], 10[1,2,3,4,5,6,7,8,9,10,12,13,14,15,18,19,20,24,25], 12[1,2,3,4,5,6,7,8,9,10,11,12,13,14,15,17,18,19,20,23,24,25], 14[1,2,3,4,5,6,7,8,9,10,11,12,13,14,15,16,17,18,19,20,22,23,24,25], 16[1,2,3,4,5,6,7,8,9,10,11,12,13,14,15,16,17,18,19,20,21,22,23,24,25]]
   00:00:00:00:00:06    00:00:00:00:00:0b  [6[8,9,10,13,14,15,18,19,20,23,24,25], 8[3,4,5,7,8,9,10,12,13,14,15,17,18,19,20,22,23,24,25], 10[2,3,4,5,6,7,8,9,10,11,12,13,14,15,16,17,18,19,20,21,22,23,24,25], 12[1,2,3,4,5,6,7,8,9,10,11,12,13,14,15,16,17,18,19,20,21,22,23,24,25]]
   00:00:00:00:00:06    00:00:00:00:00:0d  [8[6,7,8,9,10,11,12,13,14,15,16,17,18,19,20,21,22,23,24,25], 10[1,2,3,4,5,6,7,8,9,10,11,12,13,14,15,16,17,18,19,20,21,22,23,24,25], 12[1,2,3,4,5,6,7,8,9,10,11,12,13,14,15,16,17,18,19,20,21,22,23,24,25]]
   00:00:00:00:00:06    00:00:00:00:00:0c  [7[7,8,9,10,12,13,14,15,17,18,19,20,22,23,24,25], 9[2,3,4,5,6,7,8,9,10,11,12,13,14,15,16,17,18,19,20,21,22,23,24,25], 11[1,2,3,4,5,6,7,8,9,10,11,12,13,14,15,16,17,18,19,20,21,22,23,24,25], 13[1,2,3,4,5,6,7,8,9,10,11,12,13,14,15,16,17,18,19,20,21,22,23,24,25]]
   00:00:00:00:00:06    00:00:00:00:00:07  [2[10,15], 4[9,10,14,15], 6[4,5,8,9,10,13,14,15,19,20], 8[3,4,5,7,8,9,10,12,13,14,15,18,19,20,24,25], 10[2,3,4,5,6,7,8,9,10,11,12,13,14,15,17,18,19,20,23,24,25], 12[1,2,3,4,5,6,7,8,9,10,11,12,13,14,15,16,17,18,19,20,22,23,24,25], 14[1,2,3,4,5,6,7,8,9,10,11,12,13,14,15,16,17,18,19,20,22,23,24,25]]
   00:00:00:00:00:06    00:00:00:00:00:09  [4[10,15,20,25], 6[9,10,14,15,19,20,24,25], 8[4,5,8,9,10,13,14,15,18,19,20,23,24,25], 10[3,4,5,7,8,9,10,12,13,14,15,17,18,19,20,22,23,24,25], 12[2,3,4,5,6,7,8,9,10,11,12,13,14,15,16,17,18,19,20,21,22,23,24,25], 14[1,2,3,4,5,6,7,8,9,10,11,12,13,14,15,16,17,18,19,20,21,22,23,24,25]]
   00:00:00:00:00:06    00:00:00:00:00:08  [3[10,15,20], 5[9,10,14,15,19,20], 7[4,5,8,9,10,13,14,15,18,19,20,24,25], 9[3,4,5,7,8,9,10,12,13,14,15,17,18,19,20,23,24,25], 11[2,3,4,5,6,7,8,9,10,11,12,13,14,15,16,17,18,19,20,22,23,24,25], 13[1,2,3,4,5,6,7,8,9,10,11,12,13,14,15,16,17,18,19,20,21,22,23,24,25]]
   00:00:00:00:00:06    00:00:00:00:00:0e  [7[6,7,8,9,10,11,12,13,14,15,16,17,18,19,20], 9[1,2,3,4,5,6,7,8,9,10,11,12,13,14,15,16,17,18,19,20,21,22,23,24,25], 11[1,2,3,4,5,6,7,8,9,10,11,12,13,14,15,16,17,18,19,20,21,22,23,24,25], 13[1,2,3,4,5,6,7,8,9,10,11,12,13,14,15,16,17,18,19,20,21,22,23,24,25]]
   00:00:00:00:00:06    00:00:00:00:00:0a  [5[9,10,14,15,19,20,24,25], 7[4,5,8,9,10,13,14,15,18,19,20,23,24,25], 9[3,4,5,7,8,9,10,12,13,14,15,17,18,19,20,22,23,24,25], 11[2,3,4,5,6,7,8,9,10,11,12,13,14,15,16,17,18,19,20,21,22,23,24,25], 13[1,2,3,4,5,6,7,8,9,10,11,12,13,14,15,16,17,18,19,20,21,22,23,24,25]]
   00:00:00:00:00:05    00:00:00:00:00:04  [2[4,5], 4[4,5,9,10], 6[3,4,5,8,9,10,14,15], 8[2,3,4,5,7,8,9,10,13,14,15,19,20], 10[1,2,3,4,5,6,7,8,9,10,12,13,14,15,18,19,20,24,25], 12[1,2,3,4,5,6,7,8,9,10,11,12,13,14,15,17,18,19,20,23,24,25], 14[1,2,3,4,5,6,7,8,9,10,11,12,13,14,15,16,17,18,19,20,22,23,24,25], 16[1,2,3,4,5,6,7,8,9,10,11,12,13,14,15,16,17,18,19,20,21,22,23,24,25]]
   00:00:00:00:00:05    00:00:00:00:00:10  [6[1,2,3,4,5,6,7,8,9,10], 8[1,2,3,4,5,6,7,8,9,10,11,12,13,14,15], 10[1,2,3,4,5,6,7,8,9,10,11,12,13,14,15,16,17,18,19,20], 12[1,2,3,4,5,6,7,8,9,10,11,12,13,14,15,16,17,18,19,20,21,22,23,24,25], 14[1,2,3,4,5,6,7,8,9,10,11,12,13,14,15,16,17,18,19,20,21,22,23,24]]
   00:00:00:00:00:05    00:00:00:00:00:01  [5[1,2,3,4,5], 7[1,2,3,4,5,6,7,8,9,10], 9[1,2,3,4,5,6,7,8,9,10,11,12,13,14,15], 11[1,2,3,4,5,6,7,8,9,10,11,12,13,14,15,16,17,18,19,20], 13[1,2,3,4,5,6,7,8,9,10,11,12,13,14,15,16,17,18,19,20,21,22,23,24]]
   00:00:00:00:00:05    00:00:00:00:00:0f  [7[1,2,3,4,5,6,7,8,9,10,11,12,13,14,15], 9[1,2,3,4,5,6,7,8,9,10,11,12,13,14,15,16,17,18,19,20], 11[1,2,3,4,5,6,7,8,9,10,11,12,13,14,15,16,17,18,19,20,21,22,23,24,25], 13[1,2,3,4,5,6,7,8,9,10,11,12,13,14,15,16,17,18,19,20,21,22,23,24,25]]
   00:00:00:00:00:05    00:00:00:00:00:03  [3[3,4,5], 5[3,4,5,8,9,10], 7[2,3,4,5,7,8,9,10,13,14,15], 9[1,2,3,4,5,6,7,8,9,10,12,13,14,15,18,19,20], 11[1,2,3,4,5,6,7,8,9,10,11,12,13,14,15,17,18,19,20,23,24,25], 13[1,2,3,4,5,6,7,8,9,10,11,12,13,14,15,16,17,18,19,20,22,23,24,25], 15[1,2,3,4,5,6,7,8,9,10,11,12,13,14,15,16,17,18,19,20,21,22,23,24,25]]
   00:00:00:00:00:05    00:00:00:00:00:02  [4[2,3,4,5], 6[2,3,4,5,7,8,9,10], 8[1,2,3,4,5,6,7,8,9,10,12,13,14,15], 10[1,2,3,4,5,6,7,8,9,10,11,12,13,14,15,17,18,19,20], 12[1,2,3,4,5,6,7,8,9,10,11,12,13,14,15,16,17,18,19,20,22,23,24,25], 14[1,2,3,4,5,6,7,8,9,10,11,12,13,14,15,16,17,18,19,20,21,22,23,24,25]]
   00:00:00:00:00:05    00:00:00:00:00:06  [2[5,10], 4[4,5,9,10], 6[3,4,5,8,9,10,14,15], 8[2,3,4,5,7,8,9,10,13,14,15,19,20], 10[1,2,3,4,5,6,7,8,9,10,12,13,14,15,18,19,20,24,25], 12[1,2,3,4,5,6,7,8,9,10,11,12,13,14,15,17,18,19,20,23,24,25], 14[1,2,3,4,5,6,7,8,9,10,11,12,13,14,15,16,17,18,19,20,22,23,24,25], 16[1,2,3,4,5,6,7,8,9,10,11,12,13,14,15,16,17,18,19,20,21,22,23,24,25]]
   00:00:00:00:00:05    00:00:00:00:00:0b  [7[3,4,5,8,9,10,13,14,15,18,19,20,23,24,25], 9[2,3,4,5,7,8,9,10,12,13,14,15,17,18,19,20,22,23,24,25], 11[1,2,3,4,5,6,7,8,9,10,11,12,13,14,15,16,17,18,19,20,21,22,23,24,25], 13[1,2,3,4,5,6,7,8,9,10,11,12,13,14,15,16,17,18,19,20,21,22,23,24,25]]
   00:00:00:00:00:05    00:00:00:00:00:0d  [9[1,2,3,4,5,6,7,8,9,10,11,12,13,14,15,16,17,18,19,20,21,22,23,24,25], 11[1,2,3,4,5,6,7,8,9,10,11,12,13,14,15,16,17,18,19,20,21,22,23,24,25], 13[1,2,3,4,5,6,7,8,9,10,11,12,13,14,15,16,17,18,19,20,21,22,23,24,25]]
   00:00:00:00:00:05    00:00:00:00:00:0c  [8[2,3,4,5,7,8,9,10,12,13,14,15,17,18,19,20,22,23,24,25], 10[1,2,3,4,5,6,7,8,9,10,11,12,13,14,15,16,17,18,19,20,21,22,23,24,25], 12[1,2,3,4,5,6,7,8,9,10,11,12,13,14,15,16,17,18,19,20,21,22,23,24,25]]
   00:00:00:00:00:05    00:00:00:00:00:07  [3[5,10,15], 5[4,5,9,10,14,15], 7[3,4,5,8,9,10,13,14,15,19,20], 9[2,3,4,5,7,8,9,10,12,13,14,15,18,19,20,24,25], 11[1,2,3,4,5,6,7,8,9,10,11,12,13,14,15,17,18,19,20,23,24,25], 13[1,2,3,4,5,6,7,8,9,10,11,12,13,14,15,16,17,18,19,20,22,23,24,25], 15[1,2,3,4,5,6,7,8,9,10,11,12,13,14,15,16,17,18,19,20,21,22,23,24,25]]
   00:00:00:00:00:05    00:00:00:00:00:09  [5[5,10,15,20,25], 7[4,5,9,10,14,15,19,20,24,25], 9[3,4,5,8,9,10,13,14,15,18,19,20,23,24,25], 11[2,3,4,5,7,8,9,10,12,13,14,15,17,18,19,20,22,23,24,25], 13[1,2,3,4,5,6,7,8,9,10,11,12,13,14,15,16,17,18,19,20,21,22,23,24,25]]
   00:00:00:00:00:05    00:00:00:00:00:08  [4[5,10,15,20], 6[4,5,9,10,14,15,19,20], 8[3,4,5,8,9,10,13,14,15,18,19,20,24,25], 10[2,3,4,5,7,8,9,10,12,13,14,15,17,18,19,20,23,24,25], 12[1,2,3,4,5,6,7,8,9,10,11,12,13,14,15,16,17,18,19,20,22,23,24,25], 14[1,2,3,4,5,6,7,8,9,10,11,12,13,14,15,16,17,18,19,20,21,22,23,24,25]]
   00:00:00:00:00:05    00:00:00:00:00:0e  [8[1,2,3,4,5,6,7,8,9,10,11,12,13,14,15,16,17,18,19,20], 10[1,2,3,4,5,6,7,8,9,10,11,12,13,14,15,16,17,18,19,20,21,22,23,24,25], 12[1,2,3,4,5,6,7,8,9,10,11,12,13,14,15,16,17,18,19,20,21,22,23,24,25]]
   00:00:00:00:00:05    00:00:00:00:00:0a  [6[4,5,9,10,14,15,19,20,24,25], 8[3,4,5,8,9,10,13,14,15,18,19,20,23,24,25], 10[2,3,4,5,7,8,9,10,12,13,14,15,17,18,19,20,22,23,24,25], 12[1,2,3,4,5,6,7,8,9,10,11,12,13,14,15,16,17,18,19,20,21,22,23,24,25], 14[1,2,3,4,5,6,7,8,9,10,11,12,13,14,15,16,17,18,19,20,21,22,23,24,25]]
   00:00:00:00:00:0b    00:00:00:00:00:04  [6[3,4,8,9,13,14,18,19,23,24], 8[2,3,4,5,7,8,9,10,12,13,14,15,17,18,19,20,22,23,24,25], 10[1,2,3,4,5,6,7,8,9,10,11,12,13,14,15,16,17,18,19,20,21,22,23,24,25], 12[1,2,3,4,5,6,7,8,9,10,11,12,13,14,15,16,17,18,19,20,21,22,23,24,25]]
   00:00:00:00:00:0b    00:00:00:00:00:10  [6[6,7,8,11,12,13,16,17,18,21,22,23], 8[1,2,3,6,7,8,9,11,12,13,14,16,17,18,19,21,22,23,24], 10[1,2,3,4,6,7,8,9,10,11,12,13,14,15,16,17,18,19,20,21,22,23,24,25], 12[1,2,3,4,5,6,7,8,9,10,11,12,13,14,15,16,17,18,19,20,21,22,23,24,25]]
   00:00:00:00:00:0b    00:00:00:00:00:01  [7[1,2,3,6,7,8,11,12,13,16,17,18,21,22,23], 9[1,2,3,4,6,7,8,9,11,12,13,14,16,17,18,19,21,22,23,24], 11[1,2,3,4,5,6,7,8,9,10,11,12,13,14,15,16,17,18,19,20,21,22,23,24,25], 13[1,2,3,4,5,6,7,8,9,10,11,12,13,14,15,16,17,18,19,20,21,22,23,24,25]]
   00:00:00:00:00:0b    00:00:00:00:00:0f  [5[11,12,13,16,17,18,21,22,23], 7[6,7,8,11,12,13,14,16,17,18,19,21,22,23,24], 9[1,2,3,6,7,8,9,11,12,13,14,15,16,17,18,19,20,21,22,23,24,25], 11[1,2,3,4,6,7,8,9,10,11,12,13,14,15,16,17,18,19,20,21,22,23,24,25], 13[1,2,3,4,5,6,7,8,9,10,11,12,13,14,15,16,17,18,19,20,21,22,23,24,25]]
   00:00:00:00:00:0b    00:00:00:00:00:03  [5[3,8,13,18,23], 7[2,3,4,7,8,9,12,13,14,17,18,19,22,23,24], 9[1,2,3,4,5,6,7,8,9,10,11,12,13,14,15,16,17,18,19,20,21,22,23,24,25], 11[1,2,3,4,5,6,7,8,9,10,11,12,13,14,15,16,17,18,19,20,21,22,23,24,25], 13[1,2,3,4,5,6,7,8,9,10,11,12,13,14,15,16,17,18,19,20,21,22,23,24,25]]
   00:00:00:00:00:0b    00:00:00:00:00:02  [6[2,3,7,8,12,13,17,18,22,23], 8[1,2,3,4,6,7,8,9,11,12,13,14,16,17,18,19,21,22,23,24], 10[1,2,3,4,5,6,7,8,9,10,11,12,13,14,15,16,17,18,19,20,21,22,23,24,25], 12[1,2,3,4,5,6,7,8,9,10,11,12,13,14,15,16,17,18,19,20,21,22,23,24,25]]
   00:00:00:00:00:0b    00:00:00:00:00:06  [6[8,9,10,13,14,15,18,19,20,23,24,25], 8[3,4,5,7,8,9,10,12,13,14,15,17,18,19,20,22,23,24,25], 10[2,3,4,5,6,7,8,9,10,11,12,13,14,15,16,17,18,19,20,21,22,23,24,25], 12[1,2,3,4,5,6,7,8,9,10,11,12,13,14,15,16,17,18,19,20,21,22,23,24,25]]
   00:00:00:00:00:0b    00:00:00:00:00:05  [7[3,4,5,8,9,10,13,14,15,18,19,20,23,24,25], 9[2,3,4,5,7,8,9,10,12,13,14,15,17,18,19,20,22,23,24,25], 11[1,2,3,4,5,6,7,8,9,10,11,12,13,14,15,16,17,18,19,20,21,22,23,24,25], 13[1,2,3,4,5,6,7,8,9,10,11,12,13,14,15,16,17,18,19,20,21,22,23,24,25]]
   00:00:00:00:00:0b    00:00:00:00:00:0d  [3[21,22,23], 5[16,17,18,21,22,23], 7[11,12,13,16,17,18,19,21,22,23,24], 9[6,7,8,11,12,13,14,16,17,18,19,20,21,22,23,24,25], 11[1,2,3,6,7,8,9,11,12,13,14,15,16,17,18,19,20,21,22,23,24,25], 13[1,2,3,4,6,7,8,9,10,11,12,13,14,15,16,17,18,19,20,21,22,23,24,25], 15[1,2,3,4,5,6,7,8,9,10,11,12,13,14,15,16,17,18,19,20,21,22,23]]
   00:00:00:00:00:0b    00:00:00:00:00:0c  [2[22,23], 4[17,18,22,23], 6[12,13,16,17,18,19,21,22,23,24], 8[7,8,11,12,13,14,16,17,18,19,20,21,22,23,24,25], 10[2,3,6,7,8,9,11,12,13,14,15,16,17,18,19,20,21,22,23,24,25], 12[1,2,3,4,6,7,8,9,10,11,12,13,14,15,16,17,18,19,20,21,22,23,24,25], 14[1,2,3,4,5,6,7,8,9,10,11,12,13,14,15,16,17,18,19,20,21,22,23,24,25]]
   00:00:00:00:00:0b    00:00:00:00:00:07  [5[13,14,15,18,19,20,23,24,25], 7[8,9,10,12,13,14,15,17,18,19,20,22,23,24,25], 9[3,4,5,7,8,9,10,11,12,13,14,15,16,17,18,19,20,21,22,23,24,25], 11[2,3,4,5,6,7,8,9,10,11,12,13,14,15,16,17,18,19,20,21,22,23,24,25], 13[1,2,3,4,5,6,7,8,9,10,11,12,13,14,15,16,17,18,19,20,21,22,23,24,25]]
   00:00:00:00:00:0b    00:00:00:00:00:09  [3[23,24,25], 5[18,19,20,23,24,25], 7[13,14,15,17,18,19,20,22,23,24,25], 9[8,9,10,12,13,14,15,16,17,18,19,20,21,22,23,24,25], 11[3,4,5,7,8,9,10,11,12,13,14,15,16,17,18,19,20,21,22,23,24,25], 13[2,3,4,5,6,7,8,9,10,11,12,13,14,15,16,17,18,19,20,21,22,23,24,25], 15[1,2,3,4,5,6,7,8,9,10,11,12,13,14,15,16,17,18,19,20,23,24,25]]
   00:00:00:00:00:0b    00:00:00:00:00:08  [4[18,19,20,23,24,25], 6[13,14,15,17,18,19,20,22,23,24,25], 8[8,9,10,12,13,14,15,16,17,18,19,20,21,22,23,24,25], 10[3,4,5,7,8,9,10,11,12,13,14,15,16,17,18,19,20,21,22,23,24,25], 12[2,3,4,5,6,7,8,9,10,11,12,13,14,15,16,17,18,19,20,21,22,23,24,25], 14[1,2,3,4,5,6,7,8,9,10,11,12,13,14,15,16,17,18,19,20,23,24,25]]
   00:00:00:00:00:0b    00:00:00:00:00:0e  [4[16,17,18,21,22,23], 6[11,12,13,16,17,18,19,21,22,23,24], 8[6,7,8,11,12,13,14,16,17,18,19,20,21,22,23,24,25], 10[1,2,3,6,7,8,9,11,12,13,14,15,16,17,18,19,20,21,22,23,24,25], 12[1,2,3,4,6,7,8,9,10,11,12,13,14,15,16,17,18,19,20,21,22,23,24,25], 14[1,2,3,4,5,6,7,8,9,10,11,12,13,14,15,16,17,18,19,20,21,22,23]]
   00:00:00:00:00:0b    00:00:00:00:00:0a  [2[23,24], 4[18,19,23,24], 6[13,14,17,18,19,20,22,23,24,25], 8[8,9,12,13,14,15,16,17,18,19,20,21,22,23,24,25], 10[3,4,7,8,9,10,11,12,13,14,15,16,17,18,19,20,21,22,23,24,25], 12[2,3,4,5,6,7,8,9,10,11,12,13,14,15,16,17,18,19,20,21,22,23,24,25], 14[1,2,3,4,5,6,7,8,9,10,11,12,13,14,15,16,17,18,19,20,21,22,23,24,25]]
   00:00:00:00:00:0d    00:00:00:00:00:04  [8[1,2,3,4,6,7,8,9,11,12,13,14,16,17,18,19,21,22,23,24], 10[1,2,3,4,5,6,7,8,9,10,11,12,13,14,15,16,17,18,19,20,21,22,23,24,25], 12[1,2,3,4,5,6,7,8,9,10,11,12,13,14,15,16,17,18,19,20,21,22,23,24,25]]
   00:00:00:00:00:0d    00:00:00:00:00:10  [4[6,11,16,21], 6[6,7,11,12,16,17,21,22], 8[1,2,6,7,8,11,12,13,16,17,18,21,22,23], 10[1,2,3,6,7,8,9,11,12,13,14,16,17,18,19,21,22,23,24], 12[1,2,3,4,6,7,8,9,10,11,12,13,14,15,16,17,18,19,20,21,22,23,24,25], 14[1,2,3,4,5,6,7,8,9,10,11,12,13,14,15,16,17,18,19,20,21,22,23,24,25]]
   00:00:00:00:00:0d    00:00:00:00:00:01  [5[1,6,11,16,21], 7[1,2,6,7,11,12,16,17,21,22], 9[1,2,3,6,7,8,11,12,13,16,17,18,21,22,23], 11[1,2,3,4,6,7,8,9,11,12,13,14,16,17,18,19,21,22,23,24], 13[1,2,3,4,5,6,7,8,9,10,11,12,13,14,15,16,17,18,19,20,21,22,23,24]]
   00:00:00:00:00:0d    00:00:00:00:00:0f  [3[11,16,21], 5[11,12,16,17,21,22], 7[6,7,11,12,13,16,17,18,21,22,23], 9[1,2,6,7,8,11,12,13,14,16,17,18,19,21,22,23,24], 11[1,2,3,6,7,8,9,11,12,13,14,15,16,17,18,19,20,21,22,23,24,25], 13[1,2,3,4,6,7,8,9,10,11,12,13,14,15,16,17,18,19,20,21,22,23,24,25], 15[1,2,3,4,5,6,7,8,9,10,11,12,13,14,15,16,17,18,19,20,21,23,24]]
   00:00:00:00:00:0d    00:00:00:00:00:03  [7[1,2,3,6,7,8,11,12,13,16,17,18,21,22,23], 9[1,2,3,4,6,7,8,9,11,12,13,14,16,17,18,19,21,22,23,24], 11[1,2,3,4,5,6,7,8,9,10,11,12,13,14,15,16,17,18,19,20,21,22,23,24,25], 13[1,2,3,4,5,6,7,8,9,10,11,12,13,14,15,16,17,18,19,20,21,22,23,24,25]]
   00:00:00:00:00:0d    00:00:00:00:00:02  [6[1,2,6,7,11,12,16,17,21,22], 8[1,2,3,6,7,8,11,12,13,16,17,18,21,22,23], 10[1,2,3,4,6,7,8,9,11,12,13,14,16,17,18,19,21,22,23,24], 12[1,2,3,4,5,6,7,8,9,10,11,12,13,14,15,16,17,18,19,20,21,22,23,24,25], 14[1,2,3,4,5,6,7,8,9,10,11,12,13,14,15,16,17,18,19,20,21,22,23,24]]
   00:00:00:00:00:0d    00:00:00:00:00:06  [8[6,7,8,9,10,11,12,13,14,15,16,17,18,19,20,21,22,23,24,25], 10[1,2,3,4,5,6,7,8,9,10,11,12,13,14,15,16,17,18,19,20,21,22,23,24,25], 12[1,2,3,4,5,6,7,8,9,10,11,12,13,14,15,16,17,18,19,20,21,22,23,24,25]]
   00:00:00:00:00:0d    00:00:00:00:00:05  [9[1,2,3,4,5,6,7,8,9,10,11,12,13,14,15,16,17,18,19,20,21,22,23,24,25], 11[1,2,3,4,5,6,7,8,9,10,11,12,13,14,15,16,17,18,19,20,21,22,23,24,25], 13[1,2,3,4,5,6,7,8,9,10,11,12,13,14,15,16,17,18,19,20,21,22,23,24,25]]
   00:00:00:00:00:0d    00:00:00:00:00:0b  [3[21,22,23], 5[16,17,18,21,22,23], 7[11,12,13,16,17,18,19,21,22,23,24], 9[6,7,8,11,12,13,14,16,17,18,19,20,21,22,23,24,25], 11[1,2,3,6,7,8,9,11,12,13,14,15,16,17,18,19,20,21,22,23,24,25], 13[1,2,3,4,6,7,8,9,10,11,12,13,14,15,16,17,18,19,20,21,22,23,24,25], 15[1,2,3,4,5,6,7,8,9,10,11,12,13,14,15,16,17,18,19,20,21,22,23,24,25]]
   00:00:00:00:00:0d    00:00:00:00:00:0c  [2[21,22], 4[16,17,21,22], 6[11,12,16,17,18,21,22,23], 8[6,7,11,12,13,16,17,18,19,21,22,23,24], 10[1,2,6,7,8,11,12,13,14,16,17,18,19,20,21,22,23,24,25], 12[1,2,3,6,7,8,9,11,12,13,14,15,16,17,18,19,20,21,22,23,24,25], 14[1,2,3,4,6,7,8,9,10,11,12,13,14,15,16,17,18,19,20,21,22,23,24,25], 16[1,2,3,4,5,6,7,8,9,10,11,12,13,14,15,16,17,18,19,20,21,22,23,24,25]]
   00:00:00:00:00:0d    00:00:00:00:00:07  [7[11,12,13,14,15,16,17,18,19,20,21,22,23,24,25], 9[6,7,8,9,10,11,12,13,14,15,16,17,18,19,20,21,22,23,24,25], 11[1,2,3,4,5,6,7,8,9,10,11,12,13,14,15,16,17,18,19,20,21,22,23,24,25], 13[1,2,3,4,5,6,7,8,9,10,11,12,13,14,15,16,17,18,19,20,21,22,23,24,25]]
   00:00:00:00:00:0d    00:00:00:00:00:09  [5[21,22,23,24,25], 7[16,17,18,19,20,21,22,23,24,25], 9[11,12,13,14,15,16,17,18,19,20,21,22,23,24,25], 11[6,7,8,9,10,11,12,13,14,15,16,17,18,19,20,21,22,23,24,25], 13[1,2,3,4,5,6,7,8,9,10,11,12,13,14,15,16,17,18,19,20,21,22,23,24,25]]
   00:00:00:00:00:0d    00:00:00:00:00:08  [6[16,17,18,19,20,21,22,23,24,25], 8[11,12,13,14,15,16,17,18,19,20,21,22,23,24,25], 10[6,7,8,9,10,11,12,13,14,15,16,17,18,19,20,21,22,23,24,25], 12[1,2,3,4,5,6,7,8,9,10,11,12,13,14,15,16,17,18,19,20,21,22,23,24,25], 14[1,2,3,4,5,6,7,8,9,10,11,12,13,14,15,16,17,18,19,20,21,22,23,24,25]]
   00:00:00:00:00:0d    00:00:00:00:00:0e  [2[16,21], 4[16,17,21,22], 6[11,12,16,17,18,21,22,23], 8[6,7,11,12,13,16,17,18,19,21,22,23,24], 10[1,2,6,7,8,11,12,13,14,16,17,18,19,20,21,22,23,24,25], 12[1,2,3,6,7,8,9,11,12,13,14,15,16,17,18,19,20,21,22,23,24,25], 14[1,2,3,4,6,7,8,9,10,11,12,13,14,15,16,17,18,19,20,21,22,23,24,25], 16[1,2,3,4,5,6,7,8,9,10,11,12,13,14,15,16,17,18,19,20,21,22,23,24,25]]
   00:00:00:00:00:0d    00:00:00:00:00:0a  [4[21,22,23,24], 6[16,17,18,19,21,22,23,24], 8[11,12,13,14,16,17,18,19,20,21,22,23,24,25], 10[6,7,8,9,11,12,13,14,15,16,17,18,19,20,21,22,23,24,25], 12[1,2,3,4,6,7,8,9,10,11,12,13,14,15,16,17,18,19,20,21,22,23,24,25], 14[1,2,3,4,5,6,7,8,9,10,11,12,13,14,15,16,17,18,19,20,21,22,23,24,25]]
   00:00:00:00:00:0c    00:00:00:00:00:04  [7[2,3,4,7,8,9,12,13,14,17,18,19,22,23,24], 9[1,2,3,4,5,6,7,8,9,10,11,12,13,14,15,16,17,18,19,20,21,22,23,24,25], 11[1,2,3,4,5,6,7,8,9,10,11,12,13,14,15,16,17,18,19,20,21,22,23,24,25], 13[1,2,3,4,5,6,7,8,9,10,11,12,13,14,15,16,17,18,19,20,22,23,24,25]]
   00:00:00:00:00:0c    00:00:00:00:00:10  [5[6,7,11,12,16,17,21,22], 7[1,2,6,7,8,11,12,13,16,17,18,21,22,23], 9[1,2,3,6,7,8,9,11,12,13,14,16,17,18,19,21,22,23,24], 11[1,2,3,4,6,7,8,9,10,11,12,13,14,15,16,17,18,19,20,21,22,23,24,25], 13[1,2,3,4,5,6,7,8,9,10,11,12,13,14,15,16,17,18,19,20,21,22,23,24,25]]
   00:00:00:00:00:0c    00:00:00:00:00:01  [6[1,2,6,7,11,12,16,17,21,22], 8[1,2,3,6,7,8,11,12,13,16,17,18,21,22,23], 10[1,2,3,4,6,7,8,9,11,12,13,14,16,17,18,19,21,22,23,24], 12[1,2,3,4,5,6,7,8,9,10,11,12,13,14,15,16,17,18,19,20,21,22,23,24,25], 14[1,2,3,4,5,6,7,8,9,10,11,12,13,14,15,16,17,18,19,20,22,23,24]]
   00:00:00:00:00:0c    00:00:00:00:00:0f  [4[11,12,16,17,21,22], 6[6,7,11,12,13,16,17,18,21,22,23], 8[1,2,6,7,8,11,12,13,14,16,17,18,19,21,22,23,24], 10[1,2,3,6,7,8,9,11,12,13,14,15,16,17,18,19,20,21,22,23,24,25], 12[1,2,3,4,6,7,8,9,10,11,12,13,14,15,16,17,18,19,20,21,22,23,24,25], 14[1,2,3,4,5,6,7,8,9,10,11,12,13,14,15,17,18,19,20,22,23,24,25]]
   00:00:00:00:00:0c    00:00:00:00:00:03  [6[2,3,7,8,12,13,17,18,22,23], 8[1,2,3,4,6,7,8,9,11,12,13,14,16,17,18,19,21,22,23,24], 10[1,2,3,4,5,6,7,8,9,10,11,12,13,14,15,16,17,18,19,20,21,22,23,24,25], 12[1,2,3,4,5,6,7,8,9,10,11,12,13,14,15,16,17,18,19,20,21,22,23,24,25]]
   00:00:00:00:00:0c    00:00:00:00:00:02  [5[2,7,12,17,22], 7[1,2,3,6,7,8,11,12,13,16,17,18,21,22,23], 9[1,2,3,4,6,7,8,9,11,12,13,14,16,17,18,19,21,22,23,24], 11[1,2,3,4,5,6,7,8,9,10,11,12,13,14,15,16,17,18,19,20,21,22,23,24,25], 13[1,2,3,4,5,6,7,8,9,10,11,12,13,14,15,16,17,18,19,20,21,22,23,24,25]]
   00:00:00:00:00:0c    00:00:00:00:00:06  [7[7,8,9,10,12,13,14,15,17,18,19,20,22,23,24,25], 9[2,3,4,5,6,7,8,9,10,11,12,13,14,15,16,17,18,19,20,21,22,23,24,25], 11[1,2,3,4,5,6,7,8,9,10,11,12,13,14,15,16,17,18,19,20,21,22,23,24,25], 13[1,2,3,4,5,6,7,8,9,10,11,12,13,14,15,16,17,18,19,20,22,23,24,25]]
   00:00:00:00:00:0c    00:00:00:00:00:05  [8[2,3,4,5,7,8,9,10,12,13,14,15,17,18,19,20,22,23,24,25], 10[1,2,3,4,5,6,7,8,9,10,11,12,13,14,15,16,17,18,19,20,21,22,23,24,25], 12[1,2,3,4,5,6,7,8,9,10,11,12,13,14,15,16,17,18,19,20,21,22,23,24,25]]
   00:00:00:00:00:0c    00:00:00:00:00:0b  [2[22,23], 4[17,18,22,23], 6[12,13,16,17,18,19,21,22,23,24], 8[7,8,11,12,13,14,16,17,18,19,20,21,22,23,24,25], 10[2,3,6,7,8,9,11,12,13,14,15,16,17,18,19,20,21,22,23,24,25], 12[1,2,3,4,6,7,8,9,10,11,12,13,14,15,16,17,18,19,20,21,22,23,24,25], 14[1,2,3,4,5,6,7,8,9,10,11,12,13,14,15,16,17,18,19,20,21,22,23,24,25]]
   00:00:00:00:00:0c    00:00:00:00:00:0d  [2[21,22], 4[16,17,21,22], 6[11,12,16,17,18,21,22,23], 8[6,7,11,12,13,16,17,18,19,21,22,23,24], 10[1,2,6,7,8,11,12,13,14,16,17,18,19,20,21,22,23,24,25], 12[1,2,3,6,7,8,9,11,12,13,14,15,16,17,18,19,20,21,22,23,24,25], 14[1,2,3,4,6,7,8,9,10,11,12,13,14,15,16,17,18,19,20,21,22,23,24,25], 16[1,2,3,4,5,6,7,8,9,10,11,12,13,14,15,16,17,18,19,20,21,22,23,24,25]]
   00:00:00:00:00:0c    00:00:00:00:00:07  [6[12,13,14,15,17,18,19,20,22,23,24,25], 8[7,8,9,10,11,12,13,14,15,16,17,18,19,20,21,22,23,24,25], 10[2,3,4,5,6,7,8,9,10,11,12,13,14,15,16,17,18,19,20,21,22,23,24,25], 12[1,2,3,4,5,6,7,8,9,10,11,12,13,14,15,16,17,18,19,20,21,22,23,24,25]]
   00:00:00:00:00:0c    00:00:00:00:00:09  [4[22,23,24,25], 6[17,18,19,20,22,23,24,25], 8[12,13,14,15,16,17,18,19,20,21,22,23,24,25], 10[7,8,9,10,11,12,13,14,15,16,17,18,19,20,21,22,23,24,25], 12[2,3,4,5,6,7,8,9,10,11,12,13,14,15,16,17,18,19,20,21,22,23,24,25], 14[1,2,3,4,5,6,7,8,9,10,11,12,13,14,15,16,17,18,19,20,22,23,24,25]]
   00:00:00:00:00:0c    00:00:00:00:00:08  [5[17,18,19,20,22,23,24,25], 7[12,13,14,15,16,17,18,19,20,21,22,23,24,25], 9[7,8,9,10,11,12,13,14,15,16,17,18,19,20,21,22,23,24,25], 11[2,3,4,5,6,7,8,9,10,11,12,13,14,15,16,17,18,19,20,21,22,23,24,25], 13[1,2,3,4,5,6,7,8,9,10,11,12,13,14,15,16,17,18,19,20,21,22,23,24,25]]
   00:00:00:00:00:0c    00:00:00:00:00:0e  [3[16,17,21,22], 5[11,12,16,17,18,22,23], 7[6,7,11,12,13,16,17,18,19,22,23,24], 9[1,2,6,7,8,11,12,13,14,16,17,18,19,20,22,23,24,25], 11[1,2,3,6,7,8,9,11,12,13,14,15,16,17,18,19,20,22,23,24,25], 13[1,2,3,4,6,7,8,9,10,11,12,13,14,15,16,17,18,19,20,22,23,24,25], 15[1,2,3,4,5,6,7,8,9,10,11,12,13,14,15,16,17,18,19,20,22,23,24,25]]
   00:00:00:00:00:0c    00:00:00:00:00:0a  [3[22,23,24], 5[17,18,19,22,23,24], 7[12,13,14,16,17,18,19,20,21,22,23,24,25], 9[7,8,9,11,12,13,14,15,16,17,18,19,20,21,22,23,24,25], 11[2,3,4,6,7,8,9,10,11,12,13,14,15,16,17,18,19,20,21,22,23,24,25], 13[1,2,3,4,5,6,7,8,9,10,11,12,13,14,15,16,17,18,19,20,21,22,23,24,25]]
   00:00:00:00:00:07    00:00:00:00:00:04  [4[4,5,9,10,14,15], 6[3,4,5,8,9,10,13,14,15,19,20], 8[2,3,4,5,7,8,9,10,12,13,14,15,18,19,20,24,25], 10[1,2,3,4,5,6,7,8,9,10,11,12,13,14,15,17,18,19,20,23,24,25], 12[1,2,3,4,5,6,7,8,9,10,11,12,13,14,15,16,17,18,19,20,22,23,24,25], 14[1,2,3,4,5,6,7,8,9,10,11,12,13,14,15,16,17,18,19,20,21,22,23,24,25]]
   00:00:00:00:00:07    00:00:00:00:00:10  [6[6,7,8,9,10,11,12,13,14,15], 8[1,2,3,4,5,6,7,8,9,10,11,12,13,14,15,16,17,18,19,20], 10[1,2,3,4,5,6,7,8,9,10,11,12,13,14,15,16,17,18,19,20,21,22,23,24,25], 12[1,2,3,4,5,6,7,8,9,10,11,12,13,14,15,16,17,18,19,20,21,22,23,24,25]]
   00:00:00:00:00:07    00:00:00:00:00:01  [7[1,2,3,4,5,6,7,8,9,10,11,12,13,14,15], 9[1,2,3,4,5,6,7,8,9,10,11,12,13,14,15,16,17,18,19,20], 11[1,2,3,4,5,6,7,8,9,10,11,12,13,14,15,16,17,18,19,20,21,22,23,24,25], 13[1,2,3,4,5,6,7,8,9,10,11,12,13,14,15,16,17,18,19,21,22,23,24]]
   00:00:00:00:00:07    00:00:00:00:00:0f  [5[11,12,13,14,15], 7[6,7,8,9,10,11,12,13,14,15,16,17,18,19,20], 9[1,2,3,4,5,6,7,8,9,10,11,12,13,14,15,16,17,18,19,20,21,22,23,24,25], 11[1,2,3,4,5,6,7,8,9,10,11,12,13,14,15,16,17,18,19,20,21,22,23,24,25], 13[1,2,3,4,5,6,7,8,9,10,11,12,13,14,15,16,17,18,19,20,21,22,23,24,25]]
   00:00:00:00:00:07    00:00:00:00:00:03  [5[3,4,5,8,9,10,13,14,15], 7[2,3,4,5,7,8,9,10,12,13,14,15,18,19,20], 9[1,2,3,4,5,6,7,8,9,10,11,12,13,14,15,17,18,19,20,23,24,25], 11[1,2,3,4,5,6,7,8,9,10,11,12,13,14,15,16,17,18,19,20,22,23,24,25], 13[1,2,3,4,5,6,7,8,9,10,11,12,13,14,15,16,17,18,19,20,21,22,23,24,25]]
   00:00:00:00:00:07    00:00:00:00:00:02  [6[2,3,4,5,7,8,9,10,12,13,14,15], 8[1,2,3,4,5,6,7,8,9,10,11,12,13,14,15,17,18,19,20], 10[1,2,3,4,5,6,7,8,9,10,11,12,13,14,15,16,17,18,19,20,22,23,24,25], 12[1,2,3,4,5,6,7,8,9,10,11,12,13,14,15,16,17,18,19,20,21,22,23,24,25]]
   00:00:00:00:00:07    00:00:00:00:00:06  [2[10,15], 4[9,10,14,15], 6[4,5,8,9,10,13,14,15,19,20], 8[3,4,5,7,8,9,10,12,13,14,15,18,19,20,24,25], 10[2,3,4,5,6,7,8,9,10,11,12,13,14,15,17,18,19,20,23,24,25], 12[1,2,3,4,5,6,7,8,9,10,11,12,13,14,15,16,17,18,19,20,22,23,24,25], 14[1,2,3,4,5,6,7,8,9,10,11,12,13,14,15,16,17,18,19,20,21,22,23,24,25]]
   00:00:00:00:00:07    00:00:00:00:00:05  [3[5,10,15], 5[4,5,9,10,14,15], 7[3,4,5,8,9,10,13,14,15,19,20], 9[2,3,4,5,7,8,9,10,12,13,14,15,18,19,20,24,25], 11[1,2,3,4,5,6,7,8,9,10,11,12,13,14,15,17,18,19,20,23,24,25], 13[1,2,3,4,5,6,7,8,9,10,11,12,13,14,15,16,17,18,19,20,22,23,24,25], 15[1,2,3,4,5,6,7,8,9,10,11,12,13,14,15,16,17,18,19,20,21,22,23,24,25]]
   00:00:00:00:00:07    00:00:00:00:00:0b  [5[13,14,15,18,19,20,23,24,25], 7[8,9,10,12,13,14,15,17,18,19,20,22,23,24,25], 9[3,4,5,7,8,9,10,11,12,13,14,15,16,17,18,19,20,21,22,23,24,25], 11[2,3,4,5,6,7,8,9,10,11,12,13,14,15,16,17,18,19,20,21,22,23,24,25], 13[1,2,3,4,5,6,7,8,9,10,11,12,13,14,15,16,17,18,19,20,21,22,23,24,25]]
   00:00:00:00:00:07    00:00:00:00:00:0d  [7[11,12,13,14,15,16,17,18,19,20,21,22,23,24,25], 9[6,7,8,9,10,11,12,13,14,15,16,17,18,19,20,21,22,23,24,25], 11[1,2,3,4,5,6,7,8,9,10,11,12,13,14,15,16,17,18,19,20,21,22,23,24,25], 13[1,2,3,4,5,6,7,8,9,10,11,12,13,14,15,16,17,18,19,20,21,22,23,24,25]]
   00:00:00:00:00:07    00:00:00:00:00:0c  [6[12,13,14,15,17,18,19,20,22,23,24,25], 8[7,8,9,10,11,12,13,14,15,16,17,18,19,20,21,22,23,24,25], 10[2,3,4,5,6,7,8,9,10,11,12,13,14,15,16,17,18,19,20,21,22,23,24,25], 12[1,2,3,4,5,6,7,8,9,10,11,12,13,14,15,16,17,18,19,20,21,22,23,24,25]]
   00:00:00:00:00:07    00:00:00:00:00:09  [3[15,20,25], 5[14,15,19,20,24,25], 7[9,10,13,14,15,18,19,20,23,24,25], 9[4,5,8,9,10,12,13,14,15,17,18,19,20,22,23,24,25], 11[3,4,5,7,8,9,10,11,12,13,14,15,16,17,18,19,20,21,22,23,24,25], 13[2,3,4,5,6,7,8,9,10,11,12,13,14,15,16,17,18,19,20,21,22,23,24,25], 15[1,2,3,4,5,6,7,8,9,10,11,12,13,14,15,16,17,18,19,20,21,22,23,24,25]]
   00:00:00:00:00:07    00:00:00:00:00:08  [2[15,20], 4[14,15,19,20], 6[9,10,13,14,15,18,19,20,24,25], 8[4,5,8,9,10,12,13,14,15,17,18,19,20,23,24,25], 10[3,4,5,7,8,9,10,11,12,13,14,15,16,17,18,19,20,22,23,24,25], 12[2,3,4,5,6,7,8,9,10,11,12,13,14,15,16,17,18,19,20,21,22,23,24,25], 14[1,2,3,4,5,6,7,8,9,10,11,12,13,14,15,16,17,18,19,20,21,22,23,24,25]]
   00:00:00:00:00:07    00:00:00:00:00:0e  [6[11,12,13,14,15,16,17,18,19,20], 8[6,7,8,9,10,11,12,13,14,15,16,17,18,19,20,21,22,23,24,25], 10[1,2,3,4,5,6,7,8,9,10,11,12,13,14,15,16,17,18,19,20,21,22,23,24,25], 12[1,2,3,4,5,6,7,8,9,10,11,12,13,14,15,16,17,18,19,20,21,22,23,24,25]]
   00:00:00:00:00:07    00:00:00:00:00:0a  [4[14,15,19,20,24,25], 6[9,10,13,14,15,18,19,20,23,24,25], 8[4,5,8,9,10,12,13,14,15,17,18,19,20,22,23,24,25], 10[3,4,5,7,8,9,10,11,12,13,14,15,16,17,18,19,20,21,22,23,24,25], 12[2,3,4,5,6,7,8,9,10,11,12,13,14,15,16,17,18,19,20,21,22,23,24,25], 14[1,2,3,4,5,6,7,8,9,10,11,12,13,14,15,16,17,18,19,20,21,22,23,24,25]]
   00:00:00:00:00:09    00:00:00:00:00:04  [6[4,5,9,10,14,15,19,20,24,25], 8[3,4,5,8,9,10,13,14,15,18,19,20,23,24,25], 10[2,3,4,5,7,8,9,10,12,13,14,15,17,18,19,20,22,23,24,25], 12[1,2,3,4,5,6,7,8,9,10,11,12,13,14,15,16,17,18,19,20,21,22,23,24,25], 14[1,2,3,4,5,6,7,8,9,10,11,12,13,14,15,16,17,18,19,20,22,23,24,25]]
   00:00:00:00:00:09    00:00:00:00:00:10  [8[6,7,8,9,10,11,12,13,14,15,16,17,18,19,20,21,22,23,24,25], 10[1,2,3,4,5,6,7,8,9,10,11,12,13,14,15,16,17,18,19,20,21,22,23,24,25], 12[1,2,3,4,5,6,7,8,9,10,11,12,13,14,15,16,17,18,19,20,21,22,23,24,25]]
   00:00:00:00:00:09    00:00:00:00:00:01  [9[1,2,3,4,5,6,7,8,9,10,11,12,13,14,15,16,17,18,19,20,21,22,23,24,25], 11[1,2,3,4,5,6,7,8,9,10,11,12,13,14,15,16,17,18,19,20,21,22,23,24,25], 13[1,2,3,4,5,6,7,8,9,10,11,12,13,14,15,16,17,18,19,20,21,22,23,24,25]]
   00:00:00:00:00:09    00:00:00:00:00:0f  [7[11,12,13,14,15,16,17,18,19,20,21,22,23,24,25], 9[6,7,8,9,10,11,12,13,14,15,16,17,18,19,20,21,22,23,24,25], 11[1,2,3,4,5,6,7,8,9,10,11,12,13,14,15,16,17,18,19,20,21,22,23,24,25], 13[1,2,3,4,5,6,7,8,9,10,11,12,13,14,15,16,17,18,19,20,21,22,23,24,25]]
   00:00:00:00:00:09    00:00:00:00:00:03  [7[3,4,5,8,9,10,13,14,15,18,19,20,23,24,25], 9[2,3,4,5,7,8,9,10,12,13,14,15,17,18,19,20,22,23,24,25], 11[1,2,3,4,5,6,7,8,9,10,11,12,13,14,15,16,17,18,19,20,21,22,23,24,25], 13[1,2,3,4,5,6,7,8,9,10,11,12,13,14,15,16,17,18,19,20,21,22,23,24,25]]
   00:00:00:00:00:09    00:00:00:00:00:02  [8[2,3,4,5,7,8,9,10,12,13,14,15,17,18,19,20,22,23,24,25], 10[1,2,3,4,5,6,7,8,9,10,11,12,13,14,15,16,17,18,19,20,21,22,23,24,25], 12[1,2,3,4,5,6,7,8,9,10,11,12,13,14,15,16,17,18,19,20,21,22,23,24,25]]
   00:00:00:00:00:09    00:00:00:00:00:06  [4[10,15,20,25], 6[9,10,14,15,19,20,24,25], 8[4,5,8,9,10,13,14,15,18,19,20,23,24,25], 10[3,4,5,7,8,9,10,12,13,14,15,17,18,19,20,22,23,24,25], 12[2,3,4,5,6,7,8,9,10,11,12,13,14,15,16,17,18,19,20,21,22,23,24,25], 14[1,2,3,4,5,6,7,8,9,10,11,12,13,14,15,16,17,18,19,20,21,22,23,24,25]]
   00:00:00:00:00:09    00:00:00:00:00:05  [5[5,10,15,20,25], 7[4,5,9,10,14,15,19,20,24,25], 9[3,4,5,8,9,10,13,14,15,18,19,20,23,24,25], 11[2,3,4,5,7,8,9,10,12,13,14,15,17,18,19,20,22,23,24,25], 13[1,2,3,4,5,6,7,8,9,10,11,12,13,14,15,16,17,18,19,20,22,23,24,25]]
   00:00:00:00:00:09    00:00:00:00:00:0b  [3[23,24,25], 5[18,19,20,23,24,25], 7[13,14,15,17,18,19,20,22,23,24,25], 9[8,9,10,12,13,14,15,16,17,18,19,20,21,22,23,24,25], 11[3,4,5,7,8,9,10,11,12,13,14,15,16,17,18,19,20,21,22,23,24,25], 13[2,3,4,5,6,7,8,9,10,11,12,13,14,15,16,17,18,19,20,21,22,23,24,25], 15[1,2,3,4,5,6,7,8,9,10,11,12,13,14,15,16,17,18,19,20,21,22,23,24,25]]
   00:00:00:00:00:09    00:00:00:00:00:0d  [5[21,22,23,24,25], 7[16,17,18,19,20,21,22,23,24,25], 9[11,12,13,14,15,16,17,18,19,20,21,22,23,24,25], 11[6,7,8,9,10,11,12,13,14,15,16,17,18,19,20,21,22,23,24,25], 13[1,2,3,4,5,6,7,8,9,10,11,12,13,14,15,16,17,18,19,20,21,22,23,24,25]]
   00:00:00:00:00:09    00:00:00:00:00:0c  [4[22,23,24,25], 6[17,18,19,20,22,23,24,25], 8[12,13,14,15,16,17,18,19,20,21,22,23,24,25], 10[7,8,9,10,11,12,13,14,15,16,17,18,19,20,21,22,23,24,25], 12[2,3,4,5,6,7,8,9,10,11,12,13,14,15,16,17,18,19,20,21,22,23,24,25], 14[1,2,3,4,5,6,7,8,9,10,11,12,13,14,15,16,17,18,19,20,21,22,23,24,25]]
   00:00:00:00:00:09    00:00:00:00:00:07  [3[15,20,25], 5[14,15,19,20,24,25], 7[9,10,13,14,15,18,19,20,23,24,25], 9[4,5,8,9,10,12,13,14,15,17,18,19,20,22,23,24,25], 11[3,4,5,7,8,9,10,11,12,13,14,15,16,17,18,19,20,21,22,23,24,25], 13[2,3,4,5,6,7,8,9,10,11,12,13,14,15,16,17,18,19,20,21,22,23,24,25], 15[1,2,3,4,5,6,7,8,9,10,11,12,13,14,15,16,17,18,19,20,22,23,25]]
   00:00:00:00:00:09    00:00:00:00:00:08  [2[20,25], 4[19,20,24,25], 6[14,15,18,19,20,23,24,25], 8[9,10,13,14,15,17,18,19,20,22,23,24,25], 10[4,5,8,9,10,12,13,14,15,16,17,18,19,20,21,22,23,24,25], 12[3,4,5,7,8,9,10,11,12,13,14,15,16,17,18,19,20,21,22,23,24,25], 14[2,3,4,5,6,7,8,9,10,11,12,13,14,15,16,17,18,19,20,21,22,23,24,25], 16[1,2,3,4,5,6,7,8,9,10,11,12,13,14,15,16,17,18,19,20,21,22,23,24,25]]
   00:00:00:00:00:09    00:00:00:00:00:0e  [6[16,17,18,19,20,21,22,23,24,25], 8[11,12,13,14,15,16,17,18,19,20,21,22,23,24,25], 10[6,7,8,9,10,11,12,13,14,15,16,17,18,19,20,21,22,23,24,25], 12[1,2,3,4,5,6,7,8,9,10,11,12,13,14,15,16,17,18,19,20,21,22,23,24,25], 14[1,2,3,4,5,6,7,8,9,10,11,12,13,14,15,16,17,18,19,20,21,22,23,24,25]]
   00:00:00:00:00:09    00:00:00:00:00:0a  [2[24,25], 4[19,20,24,25], 6[14,15,18,19,20,23,24,25], 8[9,10,13,14,15,17,18,19,20,22,23,24,25], 10[4,5,8,9,10,12,13,14,15,16,17,18,19,20,21,22,23,24,25], 12[3,4,5,7,8,9,10,11,12,13,14,15,16,17,18,19,20,21,22,23,24,25], 14[2,3,4,5,6,7,8,9,10,11,12,13,14,15,16,17,18,19,20,21,22,23,24,25], 16[1,2,3,4,5,6,7,8,9,10,11,12,13,14,15,16,17,18,19,20,21,22,23,24,25]]
   00:00:00:00:00:08    00:00:00:00:00:04  [5[4,5,9,10,14,15,19,20], 7[3,4,5,8,9,10,13,14,15,18,19,20,24,25], 9[2,3,4,5,7,8,9,10,12,13,14,15,17,18,19,20,23,24,25], 11[1,2,3,4,5,6,7,8,9,10,11,12,13,14,15,16,17,18,19,20,22,23,24,25], 13[1,2,3,4,5,6,7,8,9,10,11,12,13,14,15,16,17,18,19,20,21,22,23,24]]
   00:00:00:00:00:08    00:00:00:00:00:10  [7[6,7,8,9,10,11,12,13,14,15,16,17,18,19,20], 9[1,2,3,4,5,6,7,8,9,10,11,12,13,14,15,16,17,18,19,20,21,22,23,24,25], 11[1,2,3,4,5,6,7,8,9,10,11,12,13,14,15,16,17,18,19,20,21,22,23,24,25], 13[1,2,3,4,5,6,7,8,9,10,11,12,13,14,15,16,17,18,19,20,21,22,23,24]]
   00:00:00:00:00:08    00:00:00:00:00:01  [8[1,2,3,4,5,6,7,8,9,10,11,12,13,14,15,16,17,18,19,20], 10[1,2,3,4,5,6,7,8,9,10,11,12,13,14,15,16,17,18,19,20,21,22,23,24,25], 12[1,2,3,4,5,6,7,8,9,10,11,12,13,14,15,16,17,18,19,20,21,22,23,24,25]]
   00:00:00:00:00:08    00:00:00:00:00:0f  [6[11,12,13,14,15,16,17,18,19,20], 8[6,7,8,9,10,11,12,13,14,15,16,17,18,19,20,21,22,23,24,25], 10[1,2,3,4,5,6,7,8,9,10,11,12,13,14,15,16,17,18,19,20,21,22,23,24,25], 12[1,2,3,4,5,6,7,8,9,10,11,12,13,14,15,16,17,18,19,20,21,22,23,24,25]]
   00:00:00:00:00:08    00:00:00:00:00:03  [6[3,4,5,8,9,10,13,14,15,18,19,20], 8[2,3,4,5,7,8,9,10,12,13,14,15,17,18,19,20,23,24,25], 10[1,2,3,4,5,6,7,8,9,10,11,12,13,14,15,16,17,18,19,20,22,23,24,25], 12[1,2,3,4,5,6,7,8,9,10,11,12,13,14,15,16,17,18,19,20,21,22,23,24,25]]
   00:00:00:00:00:08    00:00:00:00:00:02  [7[2,3,4,5,7,8,9,10,12,13,14,15,17,18,19,20], 9[1,2,3,4,5,6,7,8,9,10,11,12,13,14,15,16,17,18,19,20,22,23,24,25], 11[1,2,3,4,5,6,7,8,9,10,11,12,13,14,15,16,17,18,19,20,21,22,23,24,25], 13[1,2,3,4,5,6,7,8,9,10,11,12,13,14,15,16,17,18,19,20,21,22,23,24]]
   00:00:00:00:00:08    00:00:00:00:00:06  [3[10,15,20], 5[9,10,14,15,19,20], 7[4,5,8,9,10,13,14,15,18,19,20,24,25], 9[3,4,5,7,8,9,10,12,13,14,15,17,18,19,20,23,24,25], 11[2,3,4,5,6,7,8,9,10,11,12,13,14,15,16,17,18,19,20,22,23,24,25], 13[1,2,3,4,5,6,7,8,9,10,11,12,13,14,15,16,17,18,19,20,21,22,23,24,25]]
   00:00:00:00:00:08    00:00:00:00:00:05  [4[5,10,15,20], 6[4,5,9,10,14,15,19,20], 8[3,4,5,8,9,10,13,14,15,18,19,20,24,25], 10[2,3,4,5,7,8,9,10,12,13,14,15,17,18,19,20,23,24,25], 12[1,2,3,4,5,6,7,8,9,10,11,12,13,14,15,16,17,18,19,20,22,23,24,25], 14[1,2,3,4,5,6,7,8,9,10,11,12,13,14,15,16,17,18,19,20,22,23,24]]
   00:00:00:00:00:08    00:00:00:00:00:0b  [4[18,19,20,23,24,25], 6[13,14,15,17,18,19,20,22,23,24,25], 8[8,9,10,12,13,14,15,16,17,18,19,20,21,22,23,24,25], 10[3,4,5,7,8,9,10,11,12,13,14,15,16,17,18,19,20,21,22,23,24,25], 12[2,3,4,5,6,7,8,9,10,11,12,13,14,15,16,17,18,19,20,21,22,23,24,25], 14[1,2,3,4,5,6,7,8,9,10,11,12,13,14,15,16,17,18,19,20,21,22,23,24]]
   00:00:00:00:00:08    00:00:00:00:00:0d  [6[16,17,18,19,20,21,22,23,24,25], 8[11,12,13,14,15,16,17,18,19,20,21,22,23,24,25], 10[6,7,8,9,10,11,12,13,14,15,16,17,18,19,20,21,22,23,24,25], 12[1,2,3,4,5,6,7,8,9,10,11,12,13,14,15,16,17,18,19,20,21,22,23,24,25], 14[1,2,3,4,5,6,7,8,9,10,11,12,13,14,15,16,17,18,19,20,21,22,23,24]]
   00:00:00:00:00:08    00:00:00:00:00:0c  [5[17,18,19,20,22,23,24,25], 7[12,13,14,15,16,17,18,19,20,21,22,23,24,25], 9[7,8,9,10,11,12,13,14,15,16,17,18,19,20,21,22,23,24,25], 11[2,3,4,5,6,7,8,9,10,11,12,13,14,15,16,17,18,19,20,21,22,23,24,25], 13[1,2,3,4,5,6,7,8,9,10,11,12,13,14,15,16,17,18,19,20,21,22,23,24]]
   00:00:00:00:00:08    00:00:00:00:00:07  [2[15,20], 4[14,15,19,20], 6[9,10,13,14,15,18,19,20,24,25], 8[4,5,8,9,10,12,13,14,15,17,18,19,20,23,24,25], 10[3,4,5,7,8,9,10,11,12,13,14,15,16,17,18,19,20,22,23,24,25], 12[2,3,4,5,6,7,8,9,10,11,12,13,14,15,16,17,18,19,20,21,22,23,24,25], 14[1,2,3,4,5,6,7,8,9,10,11,12,13,14,15,16,17,18,19,20,21,22,23,24,25]]
   00:00:00:00:00:08    00:00:00:00:00:09  [2[20,25], 4[19,20,24,25], 6[14,15,18,19,20,23,24,25], 8[9,10,13,14,15,17,18,19,20,22,23,24,25], 10[4,5,8,9,10,12,13,14,15,16,17,18,19,20,21,22,23,24,25], 12[3,4,5,7,8,9,10,11,12,13,14,15,16,17,18,19,20,21,22,23,24,25], 14[2,3,4,5,6,7,8,9,10,11,12,13,14,15,16,17,18,19,20,21,22,23,24,25], 16[1,2,3,4,5,6,7,8,9,10,11,12,13,14,15,16,17,18,19,20,21,22,23,24,25]]
   00:00:00:00:00:08    00:00:00:00:00:0e  [5[16,17,18,19,20], 7[11,12,13,14,15,16,17,18,19,20,21,22,23,24,25], 9[6,7,8,9,10,11,12,13,14,15,16,17,18,19,20,21,22,23,24,25], 11[1,2,3,4,5,6,7,8,9,10,11,12,13,14,15,16,17,18,19,20,21,22,23,24,25], 13[1,2,3,4,5,6,7,8,9,10,11,12,13,14,15,16,17,18,19,20,21,22,23,24]]
   00:00:00:00:00:08    00:00:00:00:00:0a  [3[19,20,24,25], 5[14,15,18,19,20,23,24], 7[9,10,13,14,15,17,18,19,20,22,23,24], 9[4,5,8,9,10,12,13,14,15,16,17,18,19,20,21,22,23,24], 11[3,4,5,7,8,9,10,11,12,13,14,15,16,17,18,19,20,21,22,23,24], 13[2,3,4,5,6,7,8,9,10,11,12,13,14,15,16,17,18,19,20,21,22,23,24], 15[1,2,3,4,5,6,7,8,9,10,11,12,13,14,15,16,17,18,19,20,21,22,23,24]]
   00:00:00:00:00:0e    00:00:00:00:00:04  [7[1,2,3,4,6,7,8,9,11,12,13,14,16,17,18,19], 9[1,2,3,4,5,6,7,8,9,10,11,12,13,14,15,16,17,18,19,20,21,22,23,24], 11[1,2,3,4,5,6,7,8,9,10,11,12,13,14,15,16,17,18,19,20,21,22,23,24,25], 13[1,2,3,4,5,6,7,8,9,10,11,12,13,14,15,16,17,18,19,20,22,23,24,25]]
   00:00:00:00:00:0e    00:00:00:00:00:10  [3[6,11,16], 5[6,7,11,12,16,17], 7[1,2,6,7,8,11,12,13,16,17,18,21,22], 9[1,2,3,6,7,8,9,11,12,13,14,16,17,18,19,21,22,23], 11[1,2,3,4,6,7,8,9,10,11,12,13,14,15,16,17,18,19,20,21,22,23,24], 13[1,2,3,4,5,6,7,8,9,10,11,12,13,14,15,16,17,18,19,20,21,22,23,24,25]]
   00:00:00:00:00:0e    00:00:00:00:00:01  [4[1,6,11,16], 6[1,2,6,7,11,12,16,17], 8[1,2,3,6,7,8,11,12,13,16,17,18,21,22], 10[1,2,3,4,6,7,8,9,11,12,13,14,16,17,18,19,21,22,23], 12[1,2,3,4,5,6,7,8,9,10,11,12,13,14,15,16,17,18,19,20,21,22,23,24], 14[1,2,3,4,5,6,7,8,9,10,11,12,13,14,15,16,17,18,19,20,22,23,24]]
   00:00:00:00:00:0e    00:00:00:00:00:0f  [2[11,16], 4[11,12,16,17], 6[6,7,11,12,13,16,17,18,21,22], 8[1,2,6,7,8,11,12,13,14,16,17,18,19,21,22,23], 10[1,2,3,6,7,8,9,11,12,13,14,15,16,17,18,19,20,21,22,23,24], 12[1,2,3,4,6,7,8,9,10,11,12,13,14,15,16,17,18,19,20,21,22,23,24,25], 14[1,2,3,4,5,6,7,8,9,10,11,12,13,14,15,16,17,18,19,20,21,22,23,24,25]]
   00:00:00:00:00:0e    00:00:00:00:00:03  [6[1,2,3,6,7,8,11,12,13,16,17,18], 8[1,2,3,4,6,7,8,9,11,12,13,14,16,17,18,19,21,22,23], 10[1,2,3,4,5,6,7,8,9,10,11,12,13,14,15,16,17,18,19,20,21,22,23,24], 12[1,2,3,4,5,6,7,8,9,10,11,12,13,14,15,16,17,18,19,20,21,22,23,24,25]]
   00:00:00:00:00:0e    00:00:00:00:00:02  [5[1,2,6,7,11,12,16,17], 7[1,2,3,6,7,8,11,12,13,16,17,18,21,22], 9[1,2,3,4,6,7,8,9,11,12,13,14,16,17,18,19,21,22,23], 11[1,2,3,4,5,6,7,8,9,10,11,12,13,14,15,16,17,18,19,20,21,22,23,24], 13[1,2,3,4,5,6,7,8,9,10,11,12,13,14,15,16,17,18,19,20,22,23,24,25]]
   00:00:00:00:00:0e    00:00:00:00:00:06  [7[6,7,8,9,10,11,12,13,14,15,16,17,18,19,20], 9[1,2,3,4,5,6,7,8,9,10,11,12,13,14,15,16,17,18,19,20,21,22,23,24,25], 11[1,2,3,4,5,6,7,8,9,10,11,12,13,14,15,16,17,18,19,20,21,22,23,24,25], 13[1,2,3,4,5,6,7,8,9,10,11,12,13,14,15,16,17,18,19,20,22,23,24,25]]
   00:00:00:00:00:0e    00:00:00:00:00:05  [8[1,2,3,4,5,6,7,8,9,10,11,12,13,14,15,16,17,18,19,20], 10[1,2,3,4,5,6,7,8,9,10,11,12,13,14,15,16,17,18,19,20,21,22,23,24,25], 12[1,2,3,4,5,6,7,8,9,10,11,12,13,14,15,16,17,18,19,20,21,22,23,24,25]]
   00:00:00:00:00:0e    00:00:00:00:00:0b  [4[16,17,18,21,22,23], 6[11,12,13,16,17,18,19,21,22,23,24], 8[6,7,8,11,12,13,14,16,17,18,19,20,21,22,23,24,25], 10[1,2,3,6,7,8,9,11,12,13,14,15,16,17,18,19,20,21,22,23,24,25], 12[1,2,3,4,6,7,8,9,10,11,12,13,14,15,16,17,18,19,20,21,22,23,24,25], 14[1,2,3,4,5,6,7,8,9,10,11,12,13,14,15,16,17,18,19,20,22,23,24,25]]
   00:00:00:00:00:0e    00:00:00:00:00:0d  [2[16,21], 4[16,17,21,22], 6[11,12,16,17,18,21,22,23], 8[6,7,11,12,13,16,17,18,19,21,22,23,24], 10[1,2,6,7,8,11,12,13,14,16,17,18,19,20,21,22,23,24,25], 12[1,2,3,6,7,8,9,11,12,13,14,15,16,17,18,19,20,21,22,23,24,25], 14[1,2,3,4,6,7,8,9,10,11,12,13,14,15,16,17,18,19,20,21,22,23,24,25], 16[1,2,3,4,5,6,7,8,9,10,11,12,13,14,15,16,17,18,19,20,21,22,23,24,25]]
   00:00:00:00:00:0e    00:00:00:00:00:0c  [3[16,17,21,22], 5[11,12,16,17,18,22,23], 7[6,7,11,12,13,16,17,18,19,22,23,24], 9[1,2,6,7,8,11,12,13,14,16,17,18,19,20,22,23,24,25], 11[1,2,3,6,7,8,9,11,12,13,14,15,16,17,18,19,20,22,23,24,25], 13[1,2,3,4,6,7,8,9,10,11,12,13,14,15,16,17,18,19,20,22,23,24,25], 15[1,2,3,4,5,6,7,8,9,10,11,12,13,14,15,16,17,18,19,20,22,23,24,25]]
   00:00:00:00:00:0e    00:00:00:00:00:07  [6[11,12,13,14,15,16,17,18,19,20], 8[6,7,8,9,10,11,12,13,14,15,16,17,18,19,20,21,22,23,24,25], 10[1,2,3,4,5,6,7,8,9,10,11,12,13,14,15,16,17,18,19,20,21,22,23,24,25], 12[1,2,3,4,5,6,7,8,9,10,11,12,13,14,15,16,17,18,19,20,21,22,23,24,25]]
   00:00:00:00:00:0e    00:00:00:00:00:09  [6[16,17,18,19,20,21,22,23,24,25], 8[11,12,13,14,15,16,17,18,19,20,21,22,23,24,25], 10[6,7,8,9,10,11,12,13,14,15,16,17,18,19,20,21,22,23,24,25], 12[1,2,3,4,5,6,7,8,9,10,11,12,13,14,15,16,17,18,19,20,21,22,23,24,25], 14[1,2,3,4,5,6,7,8,9,10,11,12,13,14,15,16,17,18,19,20,22,23,24,25]]
   00:00:00:00:00:0e    00:00:00:00:00:08  [5[16,17,18,19,20], 7[11,12,13,14,15,16,17,18,19,20,21,22,23,24,25], 9[6,7,8,9,10,11,12,13,14,15,16,17,18,19,20,21,22,23,24,25], 11[1,2,3,4,5,6,7,8,9,10,11,12,13,14,15,16,17,18,19,20,21,22,23,24,25], 13[1,2,3,4,5,6,7,8,9,10,11,12,13,14,15,16,17,18,19,20,22,23,24,25]]
   00:00:00:00:00:0e    00:00:00:00:00:0a  [5[16,17,18,19,21,22,23,24], 7[11,12,13,14,16,17,18,19,20,21,22,23,24,25], 9[6,7,8,9,11,12,13,14,15,16,17,18,19,20,21,22,23,24,25], 11[1,2,3,4,6,7,8,9,10,11,12,13,14,15,16,17,18,19,20,21,22,23,24,25], 13[1,2,3,4,5,6,7,8,9,10,11,12,13,14,15,16,17,18,19,20,22,23,24,25]]
   00:00:00:00:00:0a    00:00:00:00:00:04  [5[4,9,14,19,24], 7[3,4,5,8,9,10,13,14,15,18,19,20,23,24,25], 9[2,3,4,5,7,8,9,10,12,13,14,15,17,18,19,20,22,23,24,25], 11[1,2,3,4,5,6,7,8,9,10,11,12,13,14,15,16,17,18,19,20,21,22,23,24,25], 13[1,2,3,4,5,6,7,8,9,10,11,12,13,14,15,16,17,18,19,20,21,22,23,24]]
   00:00:00:00:00:0a    00:00:00:00:00:10  [7[6,7,8,9,11,12,13,14,16,17,18,19,21,22,23,24], 9[1,2,3,4,6,7,8,9,10,11,12,13,14,15,16,17,18,19,20,21,22,23,24,25], 11[1,2,3,4,5,6,7,8,9,10,11,12,13,14,15,16,17,18,19,20,21,22,23,24,25], 13[1,2,3,4,5,6,7,8,9,10,11,12,13,14,15,16,17,18,19,20,21,22,23,24]]
   00:00:00:00:00:0a    00:00:00:00:00:01  [8[1,2,3,4,6,7,8,9,11,12,13,14,16,17,18,19,21,22,23,24], 10[1,2,3,4,5,6,7,8,9,10,11,12,13,14,15,16,17,18,19,20,21,22,23,24,25], 12[1,2,3,4,5,6,7,8,9,10,11,12,13,14,15,16,17,18,19,20,21,22,23,24,25]]
   00:00:00:00:00:0a    00:00:00:00:00:0f  [6[11,12,13,14,16,17,18,19,21,22,23,24], 8[6,7,8,9,11,12,13,14,15,16,17,18,19,20,21,22,23,24,25], 10[1,2,3,4,6,7,8,9,10,11,12,13,14,15,16,17,18,19,20,21,22,23,24,25], 12[1,2,3,4,5,6,7,8,9,10,11,12,13,14,15,16,17,18,19,20,21,22,23,24,25]]
   00:00:00:00:00:0a    00:00:00:00:00:03  [6[3,4,8,9,13,14,18,19,23,24], 8[2,3,4,5,7,8,9,10,12,13,14,15,17,18,19,20,22,23,24,25], 10[1,2,3,4,5,6,7,8,9,10,11,12,13,14,15,16,17,18,19,20,21,22,23,24,25], 12[1,2,3,4,5,6,7,8,9,10,11,12,13,14,15,16,17,18,19,20,21,22,23,24,25]]
   00:00:00:00:00:0a    00:00:00:00:00:02  [7[2,3,4,7,8,9,12,13,14,17,18,19,22,23,24], 9[1,2,3,4,5,6,7,8,9,10,11,12,13,14,15,16,17,18,19,20,21,22,23,24,25], 11[1,2,3,4,5,6,7,8,9,10,11,12,13,14,15,16,17,18,19,20,21,22,23,24,25], 13[1,2,3,4,5,6,7,8,9,10,11,12,13,14,15,16,17,18,19,20,21,22,23,24]]
   00:00:00:00:00:0a    00:00:00:00:00:06  [5[9,10,14,15,19,20,24,25], 7[4,5,8,9,10,13,14,15,18,19,20,23,24,25], 9[3,4,5,7,8,9,10,12,13,14,15,17,18,19,20,22,23,24,25], 11[2,3,4,5,6,7,8,9,10,11,12,13,14,15,16,17,18,19,20,21,22,23,24,25], 13[1,2,3,4,5,6,7,8,9,10,11,12,13,14,15,16,17,18,19,20,21,22,23,24]]
   00:00:00:00:00:0a    00:00:00:00:00:05  [6[4,5,9,10,14,15,19,20,24,25], 8[3,4,5,8,9,10,13,14,15,18,19,20,23,24,25], 10[2,3,4,5,7,8,9,10,12,13,14,15,17,18,19,20,22,23,24,25], 12[1,2,3,4,5,6,7,8,9,10,11,12,13,14,15,16,17,18,19,20,21,22,23,24,25], 14[1,2,3,4,5,6,7,8,9,10,11,12,13,14,15,16,17,18,19,22,23,24]]
   00:00:00:00:00:0a    00:00:00:00:00:0b  [2[23,24], 4[18,19,23,24], 6[13,14,17,18,19,20,22,23,24,25], 8[8,9,12,13,14,15,16,17,18,19,20,21,22,23,24,25], 10[3,4,7,8,9,10,11,12,13,14,15,16,17,18,19,20,21,22,23,24,25], 12[2,3,4,5,6,7,8,9,10,11,12,13,14,15,16,17,18,19,20,21,22,23,24,25], 14[1,2,3,4,5,6,7,8,9,10,11,12,13,14,15,16,17,18,19,20,21,22,23,24,25]]
   00:00:00:00:00:0a    00:00:00:00:00:0d  [4[21,22,23,24], 6[16,17,18,19,21,22,23,24], 8[11,12,13,14,16,17,18,19,20,21,22,23,24,25], 10[6,7,8,9,11,12,13,14,15,16,17,18,19,20,21,22,23,24,25], 12[1,2,3,4,6,7,8,9,10,11,12,13,14,15,16,17,18,19,20,21,22,23,24,25], 14[1,2,3,4,5,6,7,8,9,10,11,12,13,14,15,16,17,18,19,21,22,23,24]]
   00:00:00:00:00:0a    00:00:00:00:00:0c  [3[22,23,24], 5[17,18,19,22,23,24], 7[12,13,14,16,17,18,19,20,21,22,23,24,25], 9[7,8,9,11,12,13,14,15,16,17,18,19,20,21,22,23,24,25], 11[2,3,4,6,7,8,9,10,11,12,13,14,15,16,17,18,19,20,21,22,23,24,25], 13[1,2,3,4,5,6,7,8,9,10,11,12,13,14,15,16,17,18,19,20,21,22,23,24,25]]
   00:00:00:00:00:0a    00:00:00:00:00:07  [4[14,15,19,20,24,25], 6[9,10,13,14,15,18,19,20,23,24,25], 8[4,5,8,9,10,12,13,14,15,17,18,19,20,22,23,24,25], 10[3,4,5,7,8,9,10,11,12,13,14,15,16,17,18,19,20,21,22,23,24,25], 12[2,3,4,5,6,7,8,9,10,11,12,13,14,15,16,17,18,19,20,21,22,23,24,25], 14[1,2,3,4,5,6,7,8,9,10,11,12,13,14,15,16,17,18,19,21,22,23,24]]
   00:00:00:00:00:0a    00:00:00:00:00:09  [2[24,25], 4[19,20,24,25], 6[14,15,18,19,20,23,24,25], 8[9,10,13,14,15,17,18,19,20,22,23,24,25], 10[4,5,8,9,10,12,13,14,15,16,17,18,19,20,21,22,23,24,25], 12[3,4,5,7,8,9,10,11,12,13,14,15,16,17,18,19,20,21,22,23,24,25], 14[2,3,4,5,6,7,8,9,10,11,12,13,14,15,16,17,18,19,20,21,22,23,24,25], 16[1,2,3,4,5,6,7,8,9,10,11,12,13,14,15,16,17,18,19,20,21,22,23,24,25]]
   00:00:00:00:00:0a    00:00:00:00:00:08  [3[19,20,24,25], 5[14,15,18,19,20,23,24], 7[9,10,13,14,15,17,18,19,20,22,23,24], 9[4,5,8,9,10,12,13,14,15,16,17,18,19,20,21,22,23,24], 11[3,4,5,7,8,9,10,11,12,13,14,15,16,17,18,19,20,21,22,23,24], 13[2,3,4,5,6,7,8,9,10,11,12,13,14,15,16,17,18,19,20,21,22,23,24], 15[1,2,3,4,5,6,7,8,9,10,11,12,13,14,15,16,17,18,19,20,21,22,23,24]]
   00:00:00:00:00:0a    00:00:00:00:00:0e  [5[16,17,18,19,21,22,23,24], 7[11,12,13,14,16,17,18,19,20,21,22,23,24,25], 9[6,7,8,9,11,12,13,14,15,16,17,18,19,20,21,22,23,24,25], 11[1,2,3,4,6,7,8,9,10,11,12,13,14,15,16,17,18,19,20,21,22,23,24,25], 13[1,2,3,4,5,6,7,8,9,10,11,12,13,14,15,16,17,18,19,20,21,22,23,24]]
