# K-Shortest Paths Distribution
# Format: src_host dst_host  hop[switches] ...
# ==================================================================

   00:00:00:00:00:01    00:00:00:00:00:03  [2[1,3], 4[1,3,5,7,13], 5[1,3,5,7,8,13,16,22], 6[1,2,3,5,6,7,11,12,13,15,19,22], 7[1,2,3,4,5,6,7,8,10,13,14,15,21]]
   00:00:00:00:00:01    00:00:00:00:00:05  [2[1,5], 4[1,3,5,7,13], 5[1,3,4,5,7,8,10,11,13,15,16,19,21,22], 6[1,2,3,5,6,7,11,12,13,15,19,22]]
   00:00:00:00:00:01    00:00:00:00:00:0a  [2[1,10], 4[1,9,10,20], 5[1,4,5,10,21], 7[1,3,4,5,7,10,13,17,19,21], 8[1,3,4,5,7,8,10,11,13,15,16,17,19,21,22], 9[1,2,3,4,5,6,7,10,11,13,15,17,19,21,22]]
   00:00:00:00:00:01    00:00:00:00:00:10  [2[1,16], 5[1,3,5,7,11,15,16,19,22], 7[1,2,3,5,6,7,11,13,15,16,18,19,22]]
   00:00:00:00:00:01    00:00:00:00:00:14  [2[1,20], 4[1,9,10,20], 7[1,4,5,9,10,20,21], 9[1,3,4,5,7,9,10,13,17,19,20,21], 10[1,3,4,5,7,8,9,10,11,13,15,16,17,19,20,21,22], 11[1,2,3,4,5,6,7,9,10,11,13,15,17,19,20,21,22]]
   00:00:00:00:00:01    00:00:00:00:00:02  [4[1,2,3,5,7,15], 5[1,2,3,5,7,14,15,16,22], 6[1,2,3,5,6,7,11,12,13,15,22]]
   00:00:00:00:00:01    00:00:00:00:00:07  [3[1,3,5,7], 4[1,7,16,22], 5[1,2,3,5,6,7,11,13,15,19,22], 6[1,2,3,4,5,6,7,8,10,13,14,15,21]]
   00:00:00:00:00:01    00:00:00:00:00:0e  [4[1,3,5,7,14], 5[1,2,3,5,7,14,15,16,22], 6[1,2,3,5,6,7,11,13,14,15,16,19,22]]
   00:00:00:00:00:01    00:00:00:00:00:0f  [3[1,5,15], 4[1,15,16,22], 5[1,2,3,5,7,11,12,13,15,19,22], 6[1,2,3,5,7,8,12,13,14,15]]
   00:00:00:00:00:01    00:00:00:00:00:0d  [3[1,3,5,13], 4[1,5,8,13], 5[1,3,5,6,7,12,13,15], 6[1,3,4,5,6,7,8,10,11,12,13,15,16,21,22]]
   00:00:00:00:00:01    00:00:00:00:00:04  [3[1,4,5], 4[1,4,10,21], 5[1,3,4,5,7,13,17,19], 6[1,3,4,5,7,8,9,10,11,13,15,16,17,19,20,21,22], 7[1,2,3,4,5,6,7,11,13,15,17,19,22]]
   00:00:00:00:00:01    00:00:00:00:00:11  [4[1,4,5,17,19], 5[1,4,10,16,17,19,21,22], 6[1,3,4,5,7,11,13,15,17,19,22], 7[1,3,4,5,7,8,10,13,16,17,19,21,22]]
   00:00:00:00:00:01    00:00:00:00:00:15  [3[1,10,21], 4[1,4,5,21], 5[1,9,10,20,21], 6[1,3,4,5,7,13,17,19,21], 7[1,3,4,5,7,8,11,13,15,16,17,19,21,22], 8[1,2,3,4,5,6,7,11,13,15,17,19,21,22]]
   00:00:00:00:00:01    00:00:00:00:00:08  [3[1,5,8], 4[1,3,5,8,13], 5[1,3,5,7,8,13], 6[1,3,4,5,6,7,8,10,11,12,13,15,16,19,21,22], 7[1,3,5,6,7,8,13]]
   00:00:00:00:00:01    00:00:00:00:00:0b  [3[1,5,11], 4[1,11,16,22], 5[1,3,5,7,11,13,15,19,22], 6[1,3,4,5,7,8,10,11,13,15,16,19,21,22], 7[1,3,5,6,7,11,13,15,19,22]]
   00:00:00:00:00:01    00:00:00:00:00:13  [3[1,5,19], 4[1,16,19,22], 5[1,3,4,5,7,11,13,15,17,19,22], 6[1,3,4,5,7,8,10,11,13,15,16,17,19,21,22], 7[1,3,4,5,7,17,19]]
   00:00:00:00:00:01    00:00:00:00:00:06  [4[1,3,5,6,7,13], 5[1,5,6,7,8,13,16,18,22], 6[1,2,3,5,6,7,11,13,15,18,22]]
   00:00:00:00:00:01    00:00:00:00:00:12  [4[1,16,18,22], 5[1,3,5,6,7,11,13,15,18,19,22], 6[1,5,6,7,8,13,16,18,22], 7[1,2,3,5,6,7,11,13,15,18,22]]
   00:00:00:00:00:01    00:00:00:00:00:16  [3[1,16,22], 4[1,3,5,7,11,15,19,22], 6[1,2,3,5,6,7,11,13,15,18,19,22]]
   00:00:00:00:00:01    00:00:00:00:00:09  [3[1,9,10,20], 6[1,4,5,9,10,21], 8[1,3,4,5,7,9,10,13,17,19,21], 9[1,3,4,5,7,8,9,10,11,13,15,16,17,19,21,22], 10[1,2,3,4,5,6,7,9,10,11,13,15,17,19,21,22]]
   00:00:00:00:00:01    00:00:00:00:00:0c  [4[1,3,5,12,13,15], 5[1,5,8,12,13,15,16,22], 6[1,2,3,5,6,7,11,12,13,15,22]]
   00:00:00:00:00:03    00:00:00:00:00:01  [2[1,3], 4[1,3,5,7,13], 5[1,3,5,7,8,13,16,22], 6[1,2,3,5,6,7,11,12,13,15,19,22], 7[1,2,3,4,5,7,10,11,15,16,21,22]]
   00:00:00:00:00:03    00:00:00:00:00:05  [3[1,3,5,7,13], 4[3,5,8,13], 5[2,3,5,6,7,11,12,13,15,19,22], 6[1,3,4,5,7,10,11,15,16,19,21,22]]
   00:00:00:00:00:03    00:00:00:00:00:0a  [3[1,3,10], 5[1,3,5,7,9,10,13,20], 6[1,3,4,5,7,8,10,13,16,21,22], 7[1,2,3,5,6,7,9,10,11,13,15,19,20,22]]
   00:00:00:00:00:03    00:00:00:00:00:10  [3[1,3,16], 4[3,7,16,22], 5[1,3,5,7,13,16], 6[1,2,3,5,6,7,11,13,15,16,18,19,22]]
   00:00:00:00:00:03    00:00:00:00:00:14  [3[1,3,20], 5[1,3,5,7,9,10,13,20], 6[1,3,5,7,8,13,16,20,22], 7[1,2,3,5,6,7,9,10,11,12,13,15,19,20,22], 8[1,3,4,5,9,10,20,21]]
   00:00:00:00:00:03    00:00:00:00:00:02  [3[2,3,7], 4[2,3,7,14], 5[1,2,3,5,6,7,12,13,15,22], 6[1,2,3,5,6,7,8,13,14,15,16,22]]
   00:00:00:00:00:03    00:00:00:00:00:07  [2[3,7], 4[1,3,5,6,7,13], 5[1,3,5,7,8,13,16,22], 6[1,2,3,5,6,7,11,13,15,18,19,22]]
   00:00:00:00:00:03    00:00:00:00:00:0e  [3[3,7,14], 4[2,3,7,14], 5[1,3,5,6,7,13,14], 6[1,2,3,5,6,7,8,12,13,14,15,16,22], 7[1,3,5,6,7,13,14]]
   00:00:00:00:00:03    00:00:00:00:00:0f  [4[1,2,3,5,7,12,13,15,22], 5[1,2,3,5,7,8,13,14,15,16,22], 6[1,2,3,5,7,11,12,13,15,19,22]]
   00:00:00:00:00:03    00:00:00:00:00:0d  [2[3,13], 4[1,3,5,6,7,13], 5[1,3,5,7,8,13], 6[1,2,3,5,6,7,11,12,13,15,18,19,22]]
   00:00:00:00:00:03    00:00:00:00:00:04  [4[1,3,4,5,7,13], 5[1,3,4,5,8,10,13,21], 6[1,2,3,4,5,6,7,11,12,13,15,17,19,22]]
   00:00:00:00:00:03    00:00:00:00:00:11  [5[1,3,4,5,7,13,17,19,22], 6[1,3,4,5,8,10,13,16,17,19,21,22], 7[1,3,5,7,11,15,17,19,22]]
   00:00:00:00:00:03    00:00:00:00:00:15  [4[1,3,10,21], 5[1,3,4,5,7,13,21], 6[1,3,4,5,7,8,9,10,13,20,21], 7[1,2,3,4,5,6,7,10,11,13,15,16,17,19,21,22]]
   00:00:00:00:00:03    00:00:00:00:00:08  [3[3,8,13], 4[1,3,5,7,8,13], 5[1,3,5,6,7,8,13], 6[2,3,5,6,7,8,11,12,13,15,19,22], 7[1,3,5,6,7,8,12,13,15]]
   00:00:00:00:00:03    00:00:00:00:00:0b  [4[1,3,5,7,11,13,22], 5[1,3,5,8,11,13,16,22], 6[1,2,3,5,6,7,11,13,15,18,19,22]]
   00:00:00:00:00:03    00:00:00:00:00:13  [4[1,3,5,7,13,19,22], 5[1,3,5,8,13,16,19,22], 6[1,2,3,4,5,6,7,11,13,15,17,19,22]]
   00:00:00:00:00:03    00:00:00:00:00:06  [3[3,6,7,13], 5[1,3,5,6,7,13,18,22], 6[1,3,5,6,7,8,13,16,18,22], 7[1,2,3,5,6,7,11,15,18,22]]
   00:00:00:00:00:03    00:00:00:00:00:12  [4[3,6,7,13,18,22], 5[1,3,16,18,22], 6[1,2,3,5,6,7,11,13,15,18,19,22]]
   00:00:00:00:00:03    00:00:00:00:00:16  [3[3,7,22], 4[1,3,16,22], 5[1,2,3,5,6,7,11,13,15,18,19,22]]
   00:00:00:00:00:03    00:00:00:00:00:09  [4[1,3,9,10,20], 6[1,3,5,7,9,10,13,20], 7[1,3,4,5,7,8,9,10,13,16,20,21,22], 8[1,2,3,5,6,7,9,10,13,15,20]]
   00:00:00:00:00:03    00:00:00:00:00:0c  [3[3,12,13], 5[1,2,3,5,6,7,12,13,15,22], 6[1,2,3,5,7,8,12,13,14,15,16,22], 7[1,2,3,5,6,7,12,13,15]]
   00:00:00:00:00:05    00:00:00:00:00:01  [2[1,5], 4[1,3,5,7,13], 5[1,3,4,5,7,8,10,11,13,15,16,19,21,22], 6[1,2,3,5,6,7,11,12,13,15,19,22]]
   00:00:00:00:00:05    00:00:00:00:00:03  [3[1,3,5,7,13], 4[3,5,8,13], 5[2,3,5,6,7,11,12,13,15,19,22], 6[1,3,4,5,6,7,8,10,11,13,16,21,22]]
   00:00:00:00:00:05    00:00:00:00:00:0a  [3[1,5,10], 4[4,5,10,21], 5[1,3,5,7,9,10,13,20], 6[1,3,4,5,7,8,10,11,13,15,16,17,19,21,22], 7[1,3,5,6,7,9,10,11,13,20,22]]
   00:00:00:00:00:05    00:00:00:00:00:10  [3[1,5,16], 4[5,7,11,15,16,19,22], 5[1,3,5,7,13,16], 6[1,2,3,4,5,6,7,8,10,13,15,16,17,18,19,21,22]]
   00:00:00:00:00:05    00:00:00:00:00:14  [3[1,5,20], 5[1,3,5,7,9,10,13,20], 6[1,3,4,5,7,8,9,10,11,13,15,16,19,20,21,22], 7[1,3,5,6,7,9,10,11,13,20,22]]
   00:00:00:00:00:05    00:00:00:00:00:02  [3[2,5,7,15], 4[2,5,7,14], 5[1,2,3,5,6,7,11,12,13,15,19,22], 6[1,2,3,5,7,14,15,16,22]]
   00:00:00:00:00:05    00:00:00:00:00:07  [2[5,7], 4[1,2,3,5,6,7,11,13,15,19,22], 5[1,2,3,5,6,7,8,13,14,15,16,22], 6[1,2,3,4,5,6,7,11,13,15,17,18,19,22]]
   00:00:00:00:00:05    00:00:00:00:00:0e  [3[5,7,14], 4[2,5,7,14,15], 5[1,2,3,5,6,7,11,13,14,15,19,22], 6[1,2,3,5,6,7,8,11,13,14,15,16,22]]
   00:00:00:00:00:05    00:00:00:00:00:0f  [2[5,15], 4[2,5,7,11,12,13,15,19,22], 5[1,2,5,7,8,12,13,14,15,16,22], 6[1,2,3,4,5,6,7,12,13,15,17,18,19,22]]
   00:00:00:00:00:05    00:00:00:00:00:0d  [2[5,13], 3[5,8,13], 4[1,3,5,6,7,12,13,15], 6[1,2,3,5,6,7,11,12,13,15,18,22]]
   00:00:00:00:00:05    00:00:00:00:00:04  [2[4,5], 4[4,5,17,19], 5[1,4,5,10,21], 6[4,5,7,11,15,17,19,22], 7[1,3,4,5,7,9,10,13,16,17,19,20,21,22], 8[1,2,3,4,5,6,7,8,10,11,13,15,16,17,18,19,21,22]]
   00:00:00:00:00:05    00:00:00:00:00:11  [3[4,5,17,19], 5[5,7,11,15,17,19,22], 6[1,4,5,10,16,17,19,21,22], 7[1,2,3,5,6,7,12,13,15,17,18,19,22], 8[1,4,5,9,10,17,20,21]]
   00:00:00:00:00:05    00:00:00:00:00:15  [3[4,5,21], 4[1,5,10,21], 5[4,5,17,19,21], 6[1,3,5,7,9,10,13,20,21], 7[1,3,4,5,7,8,10,11,13,15,16,17,19,21,22], 8[1,3,4,5,7,9,10,16,17,19,20,21,22]]
   00:00:00:00:00:05    00:00:00:00:00:08  [2[5,8], 3[5,8,13], 5[1,3,5,6,7,8,12,13,15], 7[1,2,3,5,6,7,8,11,12,13,15,18,22]]
   00:00:00:00:00:05    00:00:00:00:00:0b  [2[5,11], 4[5,7,11,15,19,22], 5[1,5,11,16,22], 6[1,2,3,4,5,6,7,11,12,13,15,17,18,19,22], 7[1,2,3,5,7,11,14,15,16,22]]
   00:00:00:00:00:05    00:00:00:00:00:13  [2[5,19], 4[4,5,7,11,15,17,19,22], 5[1,5,16,19,22], 6[1,2,3,5,6,7,12,13,15,18,19,22], 7[1,2,4,5,7,10,14,15,17,19,21,22]]
   00:00:00:00:00:05    00:00:00:00:00:06  [3[5,6,7,13], 4[5,6,8,13], 5[1,2,3,5,6,7,11,12,13,15,18,19,22]]
   00:00:00:00:00:05    00:00:00:00:00:12  [4[5,6,7,11,13,15,18,19,22], 5[1,5,6,8,13,16,18,22], 6[1,2,3,4,5,6,7,11,13,15,17,18,19,22]]
   00:00:00:00:00:05    00:00:00:00:00:16  [3[5,7,11,15,19,22], 4[1,5,16,22], 5[1,2,3,4,5,6,7,12,13,15,17,18,19,22], 6[1,2,3,5,7,14,15,16,22]]
   00:00:00:00:00:05    00:00:00:00:00:09  [4[1,5,9,10,20], 5[4,5,9,10,21], 6[1,3,5,7,9,10,13,20], 7[1,3,4,5,7,8,9,10,11,13,15,16,20,21,22]]
   00:00:00:00:00:05    00:00:00:00:00:0c  [3[5,12,13,15], 4[5,8,12,13], 5[1,2,3,5,6,7,11,12,13,15,19,22], 6[1,2,5,7,12,14,15,16,22], 7[1,2,3,4,5,6,7,12,13,15,17,19,22]]
   00:00:00:00:00:0a    00:00:00:00:00:01  [2[1,10], 4[1,9,10,20], 5[1,4,5,10,21], 7[1,3,4,5,7,10,13,17,19,21], 8[1,3,4,5,7,8,10,11,13,15,16,17,19,21,22], 9[1,2,3,4,5,6,7,10,11,13,15,21,22]]
   00:00:00:00:00:0a    00:00:00:00:00:03  [3[1,3,10], 5[1,3,5,7,9,10,13,20], 6[1,3,4,5,7,8,10,13,16,21,22], 7[1,2,3,5,6,7,10,11,12,13,15,19,22]]
   00:00:00:00:00:0a    00:00:00:00:00:05  [3[1,5,10], 4[4,5,10,21], 5[1,3,5,7,9,10,13,20], 6[1,3,4,5,7,8,10,11,13,15,16,17,19,21,22], 7[1,2,3,5,6,7,10,11,13,15,19,22]]
   00:00:00:00:00:0a    00:00:00:00:00:10  [3[1,10,16], 5[1,9,10,16,20], 6[1,3,4,5,7,10,11,15,16,19,21,22], 7[4,5,7,10,11,15,16,17,19,21,22], 8[1,2,3,5,7,10,11,15,16,22]]
   00:00:00:00:00:0a    00:00:00:00:00:14  [3[1,9,10,20], 6[1,4,5,10,20,21], 8[1,3,4,5,7,10,13,17,19,20,21], 9[1,3,4,5,7,8,10,11,13,15,16,17,19,20,21,22], 10[1,2,3,4,5,6,7,10,11,13,15,20,21,22]]
   00:00:00:00:00:0a    00:00:00:00:00:02  [5[1,2,3,5,7,10,15], 6[1,2,3,4,5,7,10,14,15,16,21,22], 7[1,2,3,5,6,7,10,12,13,15,22]]
   00:00:00:00:00:0a    00:00:00:00:00:07  [4[1,3,5,7,10], 5[1,4,5,7,10,16,21,22], 6[1,2,3,5,6,7,9,10,11,13,15,19,20,22], 7[1,3,5,7,8,10,13]]
   00:00:00:00:00:0a    00:00:00:00:00:0e  [5[1,3,5,7,10,14], 6[1,2,3,4,5,7,10,14,15,16,21,22], 7[1,2,3,5,6,7,10,11,13,14,15,16,19,22]]
   00:00:00:00:00:0a    00:00:00:00:00:0f  [4[1,5,10,15], 5[1,4,5,10,15,16,21,22], 6[1,2,3,5,7,9,10,11,12,13,15,19,20,22], 7[1,2,3,5,7,8,10,13,14,15]]
   00:00:00:00:00:0a    00:00:00:00:00:0d  [4[1,3,5,10,13], 5[1,4,5,8,10,13,21], 6[1,3,4,5,6,7,8,9,10,12,13,15,20,21], 7[1,3,5,6,7,8,10,13,16,22]]
   00:00:00:00:00:0a    00:00:00:00:00:04  [3[4,10,21], 4[1,4,5,10], 6[1,3,4,5,7,9,10,13,17,19,20], 7[1,3,4,5,7,8,10,11,13,15,16,17,19,22], 8[1,2,3,4,5,6,7,10,11,13,15,17,19,22]]
   00:00:00:00:00:0a    00:00:00:00:00:11  [4[4,10,17,21], 5[1,4,5,10,17,19], 6[1,4,5,10,16,17,19,21,22], 7[1,3,4,5,7,9,10,11,13,15,17,19,20,22], 8[1,3,4,5,8,10,13,17]]
   00:00:00:00:00:0a    00:00:00:00:00:15  [2[10,21], 5[1,4,5,10,21], 7[1,3,4,5,7,9,10,13,17,19,20,21], 8[1,3,4,5,7,8,10,11,13,15,16,17,19,21,22], 9[1,2,3,4,5,6,7,10,11,13,15,17,19,21,22]]
   00:00:00:00:00:0a    00:00:00:00:00:08  [4[1,5,8,10], 5[1,3,4,5,8,10,13,21], 6[1,3,4,5,7,8,9,10,13,20,21], 7[1,3,5,6,7,8,10,11,12,13,15,16,22]]
   00:00:00:00:00:0a    00:00:00:00:00:0b  [4[1,5,10,11], 5[1,4,5,10,11,16,21,22], 6[1,3,5,7,9,10,11,13,15,19,20,22], 7[1,3,4,5,7,8,9,10,11,13,15,16,19,20,21,22]]
   00:00:00:00:00:0a    00:00:00:00:00:13  [4[1,5,10,19], 5[1,4,5,10,16,17,19,21,22], 6[1,3,4,5,7,9,10,11,13,15,17,19,20,22], 7[1,3,5,7,8,10,11,13,15,16,19,22]]
   00:00:00:00:00:0a    00:00:00:00:00:06  [5[1,3,5,6,7,10,13], 6[1,4,5,6,7,8,10,13,16,18,21,22], 7[1,2,3,5,6,7,10,13,15,18,22]]
   00:00:00:00:00:0a    00:00:00:00:00:12  [5[1,10,16,18,22], 6[1,3,5,6,7,10,11,13,15,18,19,22], 7[1,4,5,6,7,8,9,10,13,16,18,20,21,22]]
   00:00:00:00:00:0a    00:00:00:00:00:16  [4[1,10,16,22], 5[1,3,5,7,10,11,15,19,22], 6[1,4,5,7,9,10,11,15,16,17,19,20,21,22], 7[1,2,3,5,7,10,11,15,19,22]]
   00:00:00:00:00:0a    00:00:00:00:00:09  [2[9,10], 4[1,9,10,20], 7[1,4,5,9,10,20,21], 9[1,3,4,5,7,9,10,13,17,19,20,21], 10[1,3,4,5,7,8,9,10,11,13,15,16,17,19,20,21,22], 11[1,2,3,4,5,6,7,9,10,11,13,15,20,21,22]]
   00:00:00:00:00:0a    00:00:00:00:00:0c  [5[1,3,5,10,12,13,15], 6[1,4,5,8,10,12,13,15,16,21,22], 7[1,2,3,5,6,7,10,12,13,15,22]]
   00:00:00:00:00:10    00:00:00:00:00:01  [2[1,16], 5[1,3,5,7,11,15,16,19,22], 7[1,2,3,5,6,7,11,13,15,16,22]]
   00:00:00:00:00:10    00:00:00:00:00:03  [3[1,3,16], 4[3,7,16,22], 5[1,3,5,7,13,16], 6[1,2,3,5,6,7,8,11,12,13,15,16,22]]
   00:00:00:00:00:10    00:00:00:00:00:05  [3[1,5,16], 4[5,7,11,15,16,19,22], 5[1,3,5,7,13,16], 6[1,2,3,4,5,6,7,8,10,12,13,15,16,18,21,22]]
   00:00:00:00:00:10    00:00:00:00:00:0a  [3[1,10,16], 5[1,9,10,16,20], 6[1,3,4,5,7,10,11,15,16,19,21,22], 7[4,5,7,10,11,15,16,17,19,21,22], 8[1,3,4,5,7,10,13,16,17,19,21]]
   00:00:00:00:00:10    00:00:00:00:00:14  [3[1,16,20], 5[1,9,10,16,20], 6[1,3,5,7,11,15,16,19,20,22], 8[1,2,3,4,5,6,7,9,10,11,13,15,16,20,21,22]]
   00:00:00:00:00:10    00:00:00:00:00:02  [4[2,7,15,16,22], 5[1,2,3,5,7,14,15,16,22], 6[1,2,3,5,6,7,11,14,15,16,18,19,22], 7[1,2,3,5,7,15,16]]
   00:00:00:00:00:10    00:00:00:00:00:07  [3[7,16,22], 4[1,3,5,7,16], 5[2,5,6,7,11,15,16,18,19,22], 6[1,2,3,5,6,7,11,13,15,16,19,22]]
   00:00:00:00:00:10    00:00:00:00:00:0e  [4[7,14,16,22], 5[1,2,3,5,7,14,15,16,22], 6[1,2,3,5,6,7,11,14,15,16,18,19,22], 7[1,3,5,6,7,13,14,16]]
   00:00:00:00:00:10    00:00:00:00:00:0f  [3[15,16,22], 4[1,5,15,16], 5[2,5,7,11,15,16,19,22], 6[1,2,3,5,7,11,12,13,15,16,19,22]]
   00:00:00:00:00:10    00:00:00:00:00:0d  [4[1,3,5,13,16], 5[1,3,5,6,7,8,11,12,13,15,16,18,19,22], 6[1,3,5,6,7,12,13,15,16]]
   00:00:00:00:00:10    00:00:00:00:00:04  [4[1,4,5,16], 5[1,4,5,7,10,11,15,16,17,19,21,22], 6[1,3,4,5,7,13,16,17,19], 7[1,3,4,5,6,7,8,9,10,13,16,17,19,20,21,22]]
   00:00:00:00:00:10    00:00:00:00:00:11  [4[16,17,19,22], 5[1,4,5,16,17,19], 6[1,4,5,7,10,11,15,16,17,19,21,22], 7[1,3,4,5,7,13,16,17,19,22]]
   00:00:00:00:00:10    00:00:00:00:00:15  [4[1,10,16,21], 5[1,4,5,16,21], 6[1,4,5,7,9,10,11,15,16,17,19,20,21,22], 7[1,3,4,5,7,10,11,13,15,16,17,19,21,22]]
   00:00:00:00:00:10    00:00:00:00:00:08  [4[1,5,8,16], 5[1,3,5,7,8,11,13,15,16,19,22], 6[1,3,5,6,7,8,11,12,13,15,16,18,22]]
   00:00:00:00:00:10    00:00:00:00:00:0b  [3[11,16,22], 4[1,5,11,16], 5[5,7,11,15,16,19,22], 6[1,3,5,7,11,13,15,16,19,22], 7[1,3,4,5,6,7,8,10,11,13,16,21,22]]
   00:00:00:00:00:10    00:00:00:00:00:13  [3[16,19,22], 4[1,5,16,19], 5[5,7,11,15,16,19,22], 6[1,3,4,5,7,11,13,15,16,17,19,22], 7[1,3,4,5,7,8,10,13,16,17,19,21,22]]
   00:00:00:00:00:10    00:00:00:00:00:06  [4[6,7,16,18,22], 5[1,3,5,6,7,13,16], 6[1,2,3,5,6,7,8,11,12,13,15,16,19,22]]
   00:00:00:00:00:10    00:00:00:00:00:12  [3[16,18,22], 5[6,7,16,18,22], 6[1,3,5,6,7,11,13,15,16,18,19,22], 7[1,2,3,5,6,7,8,11,13,15,16,18,22]]
   00:00:00:00:00:10    00:00:00:00:00:16  [2[16,22], 5[1,3,5,7,11,15,16,19,22], 7[1,2,3,5,6,7,11,13,15,16,18,19,22]]
   00:00:00:00:00:10    00:00:00:00:00:09  [4[1,9,10,16,20], 7[1,3,4,5,7,9,10,11,15,16,19,20,21,22], 8[4,5,7,9,10,11,15,16,21,22]]
   00:00:00:00:00:10    00:00:00:00:00:0c  [4[12,15,16,22], 5[1,3,5,12,13,15,16], 6[1,2,3,5,6,7,8,11,12,13,15,16,18,19,22]]
   00:00:00:00:00:14    00:00:00:00:00:01  [2[1,20], 4[1,9,10,20], 7[1,4,5,9,10,20,21], 9[1,3,4,5,7,9,10,13,17,19,20,21], 10[1,3,4,5,7,8,9,10,11,13,15,16,17,19,20,21,22], 11[1,2,3,4,5,6,7,9,10,11,13,15,20,21,22]]
   00:00:00:00:00:14    00:00:00:00:00:03  [3[1,3,20], 5[1,3,5,7,9,10,13,20], 6[1,3,5,7,8,13,16,20,22], 7[1,2,3,5,6,7,9,10,11,12,13,15,19,20,22], 8[1,3,5,6,7,8,13,20]]
   00:00:00:00:00:14    00:00:00:00:00:05  [3[1,5,20], 5[1,3,5,7,9,10,13,20], 6[1,3,4,5,7,8,9,10,11,13,15,16,19,20,21,22], 7[1,2,3,5,6,7,11,13,15,19,20,22]]
   00:00:00:00:00:14    00:00:00:00:00:0a  [3[1,9,10,20], 6[1,4,5,10,20,21], 8[1,3,4,5,7,10,13,17,19,20,21], 9[1,3,4,5,7,8,10,11,13,15,16,17,19,20,21,22], 10[1,2,3,4,5,6,7,10,11,13,15,17,19,20,21,22]]
   00:00:00:00:00:14    00:00:00:00:00:10  [3[1,16,20], 5[1,9,10,16,20], 6[1,3,5,7,11,15,16,19,20,22], 8[1,2,3,5,6,7,11,13,15,16,18,19,20,22]]
   00:00:00:00:00:14    00:00:00:00:00:02  [5[1,2,3,5,7,15,20], 6[1,2,3,5,7,14,15,16,20,22], 7[1,2,3,5,6,7,11,12,13,15,20,22]]
   00:00:00:00:00:14    00:00:00:00:00:07  [4[1,3,5,7,20], 5[1,7,16,20,22], 6[1,2,3,5,6,7,9,10,11,13,15,19,20,22], 7[1,3,5,6,7,8,13,20]]
   00:00:00:00:00:14    00:00:00:00:00:0e  [5[1,3,5,7,14,20], 6[1,2,3,5,7,14,15,16,20,22], 7[1,2,3,5,6,7,11,13,14,15,16,19,20,22]]
   00:00:00:00:00:14    00:00:00:00:00:0f  [4[1,5,15,20], 5[1,15,16,20,22], 6[1,2,3,5,7,9,10,11,12,13,15,19,20,22], 7[1,2,3,5,7,8,13,14,15,20]]
   00:00:00:00:00:14    00:00:00:00:00:0d  [4[1,3,5,13,20], 5[1,5,8,13,20], 6[1,3,5,6,7,9,10,12,13,15,20], 7[1,3,4,5,6,7,8,10,11,13,16,20,21,22]]
   00:00:00:00:00:14    00:00:00:00:00:04  [4[1,4,5,20], 5[1,4,9,10,20,21], 6[1,3,4,5,7,9,10,13,17,19,20], 7[1,3,4,5,7,8,11,13,15,16,17,19,20,22], 8[1,3,4,5,6,7,11,13,17,19,20,22]]
   00:00:00:00:00:14    00:00:00:00:00:11  [5[1,4,5,17,19,20], 6[1,4,9,10,16,17,19,20,21,22], 7[1,3,4,5,7,9,10,11,13,15,17,19,20,22], 8[1,3,4,5,8,13,17,20]]
   00:00:00:00:00:14    00:00:00:00:00:15  [4[1,9,10,20,21], 5[1,4,5,20,21], 7[1,3,4,5,7,9,10,13,17,19,20,21], 8[1,3,4,5,7,8,11,13,15,16,17,19,20,21,22], 9[1,3,4,5,6,7,11,13,17,19,20,21,22]]
   00:00:00:00:00:14    00:00:00:00:00:08  [4[1,5,8,20], 5[1,3,5,8,13,20], 6[1,3,5,7,8,9,10,13,20], 7[1,3,4,5,6,7,8,10,11,12,13,15,16,19,20,21,22]]
   00:00:00:00:00:14    00:00:00:00:00:0b  [4[1,5,11,20], 5[1,11,16,20,22], 6[1,3,5,7,9,10,11,13,15,19,20,22], 7[1,3,4,5,7,8,9,10,11,13,15,16,19,20,21,22]]
   00:00:00:00:00:14    00:00:00:00:00:13  [4[1,5,19,20], 5[1,16,19,20,22], 6[1,3,4,5,7,9,10,11,13,15,17,19,20,22], 7[1,3,4,5,7,8,10,11,13,15,16,17,19,20,21,22]]
   00:00:00:00:00:14    00:00:00:00:00:06  [5[1,3,5,6,7,13,20], 6[1,5,6,7,8,13,16,18,20,22], 7[1,2,3,5,6,7,11,13,15,18,20,22]]
   00:00:00:00:00:14    00:00:00:00:00:12  [5[1,16,18,20,22], 6[1,3,5,6,7,11,13,15,18,19,20,22], 7[1,5,6,7,8,9,10,13,16,18,20,22], 8[1,2,3,5,6,7,11,13,15,18,20,22]]
   00:00:00:00:00:14    00:00:00:00:00:16  [4[1,16,20,22], 5[1,3,5,7,11,15,19,20,22], 6[1,9,10,16,20,22], 7[1,2,3,5,6,7,11,13,15,18,19,20,22]]
   00:00:00:00:00:14    00:00:00:00:00:09  [2[9,20], 4[1,9,10,20], 7[1,4,5,9,10,20,21], 9[1,3,4,5,7,9,10,13,17,19,20,21], 10[1,3,4,5,7,8,9,10,11,13,15,16,17,19,20,21,22], 11[1,2,3,4,5,6,7,9,10,11,13,15,17,19,20,21,22]]
   00:00:00:00:00:14    00:00:00:00:00:0c  [5[1,3,5,12,13,15,20], 6[1,5,8,12,13,15,16,20,22], 7[1,2,3,5,6,7,11,12,13,15,20,22]]
   00:00:00:00:00:02    00:00:00:00:00:01  [4[1,2,3,5,7,15], 5[1,2,3,5,7,14,15,16,22], 6[1,2,3,5,6,7,11,13,14,15,16,19,22]]
   00:00:00:00:00:02    00:00:00:00:00:03  [3[2,3,7], 4[2,3,7,14], 5[1,2,3,5,6,7,12,13,15,22], 6[1,2,3,5,6,7,8,13,14,15,16,22]]
   00:00:00:00:00:02    00:00:00:00:00:05  [3[2,5,7,15], 4[2,5,7,14], 5[1,2,3,5,6,7,11,12,13,15,19,22], 6[1,2,3,5,6,7,8,13,16,22]]
   00:00:00:00:00:02    00:00:00:00:00:0a  [5[1,2,3,5,7,10,15], 6[1,2,3,4,5,7,10,14,15,16,21,22], 7[1,2,3,5,6,7,9,10,11,13,20,22]]
   00:00:00:00:00:02    00:00:00:00:00:10  [4[2,7,15,16,22], 5[1,2,3,5,7,14,15,16,22], 6[1,2,3,5,6,7,11,14,15,16,18,19,22], 7[1,2,3,5,7,13,16]]
   00:00:00:00:00:02    00:00:00:00:00:14  [5[1,2,3,5,7,15,20], 6[1,2,3,5,7,14,15,16,20,22], 7[1,2,3,5,6,7,9,10,11,13,15,19,20,22]]
   00:00:00:00:00:02    00:00:00:00:00:07  [2[2,7], 3[2,7,14], 4[2,5,7,15,22], 6[1,2,3,5,6,7,11,12,13,15,18,19,22], 7[1,2,5,7,15,16,22]]
   00:00:00:00:00:02    00:00:00:00:00:0e  [2[2,14], 3[2,7,14], 5[2,5,7,14,15,22], 7[1,2,3,5,6,7,11,12,13,14,15,18,19,22], 8[1,2,5,7,14,15,16,22]]
   00:00:00:00:00:02    00:00:00:00:00:0f  [2[2,15], 4[2,5,7,15,22], 5[2,5,7,14,15,22], 6[1,2,3,5,6,7,11,12,13,15,18,19,22]]
   00:00:00:00:00:02    00:00:00:00:00:0d  [4[2,3,5,6,7,12,13,15], 5[2,3,5,6,7,8,13,14,15], 6[1,2,3,5,7,11,12,13,15,22]]
   00:00:00:00:00:02    00:00:00:00:00:04  [4[2,4,5,7,15], 5[2,4,5,7,14], 6[1,2,3,4,5,6,7,11,12,13,15,17,19,22]]
   00:00:00:00:00:02    00:00:00:00:00:11  [5[2,4,5,7,15,17,19,22], 6[2,4,5,7,14,17,19,22], 7[1,2,3,4,5,6,7,11,13,15,17,19,22]]
   00:00:00:00:00:02    00:00:00:00:00:15  [5[2,4,5,7,15,21], 6[1,2,3,4,5,7,10,14,15,21], 7[1,2,3,4,5,6,7,10,11,13,14,15,16,17,19,21,22]]
   00:00:00:00:00:02    00:00:00:00:00:08  [4[2,5,7,8,15], 5[2,3,5,6,7,8,12,13,14,15], 6[1,2,3,5,6,7,8,11,13,14,15,19,22]]
   00:00:00:00:00:02    00:00:00:00:00:0b  [4[2,5,7,11,15,22], 5[2,5,7,11,14,22], 6[1,2,3,5,6,7,11,13,15,18,19,22]]
   00:00:00:00:00:02    00:00:00:00:00:13  [4[2,5,7,15,19,22], 5[2,5,7,14,19,22], 6[1,2,3,4,5,6,7,11,13,15,17,18,19,22]]
   00:00:00:00:00:02    00:00:00:00:00:06  [3[2,6,7], 4[2,6,7,14], 5[2,3,5,6,7,12,13,15,18,22], 6[2,3,5,6,7,8,13,14,15,18,22], 7[1,2,3,5,6,7,13]]
   00:00:00:00:00:02    00:00:00:00:00:12  [4[2,6,7,15,18,22], 5[2,6,7,14,18,22], 6[2,3,5,6,7,11,12,13,15,18,19,22]]
   00:00:00:00:00:02    00:00:00:00:00:16  [3[2,7,15,22], 4[2,7,14,22], 5[2,5,6,7,11,15,18,19,22], 6[1,2,3,5,6,7,11,14,15,16,18,19,22]]
   00:00:00:00:00:02    00:00:00:00:00:09  [6[1,2,3,5,7,9,10,15,20], 7[1,2,3,4,5,7,9,10,14,15,16,20,21,22]]
   00:00:00:00:00:02    00:00:00:00:00:0c  [3[2,12,15], 5[2,3,5,6,7,12,13,15,22], 6[2,3,5,6,7,8,12,13,14,15,22], 7[1,2,3,5,7,12,13,15]]
   00:00:00:00:00:07    00:00:00:00:00:01  [3[1,3,5,7], 4[1,7,16,22], 5[1,2,3,5,6,7,11,13,15,19,22], 6[1,2,3,4,5,7,8,10,11,13,15,16,21,22]]
   00:00:00:00:00:07    00:00:00:00:00:03  [2[3,7], 4[1,3,5,6,7,13], 5[1,3,5,7,8,13,16,22], 6[1,2,3,5,6,7,11,12,13,15,22]]
   00:00:00:00:00:07    00:00:00:00:00:05  [2[5,7], 4[1,2,3,5,6,7,11,13,15,19,22], 5[1,2,3,5,6,7,8,13,14,15,16,22], 6[2,3,5,7,11,12,13,15,19,22]]
   00:00:00:00:00:07    00:00:00:00:00:0a  [4[1,3,5,7,10], 5[1,4,5,7,10,16,21,22], 6[1,2,3,5,6,7,9,10,11,13,15,19,20,22], 7[1,2,4,5,7,10,15,16,21,22]]
   00:00:00:00:00:07    00:00:00:00:00:10  [3[7,16,22], 4[1,3,5,7,16], 5[2,5,6,7,11,15,16,18,19,22], 6[1,2,3,5,6,7,11,13,14,15,16,22]]
   00:00:00:00:00:07    00:00:00:00:00:14  [4[1,3,5,7,20], 5[1,7,16,20,22], 6[1,2,3,5,6,7,9,10,11,13,15,19,20,22], 7[1,2,3,5,7,8,13,15,16,20,22]]
   00:00:00:00:00:07    00:00:00:00:00:02  [2[2,7], 3[2,7,14], 4[2,5,7,15,22], 6[1,2,3,5,6,7,11,12,13,15,18,19,22], 7[1,2,3,7,15,16,22]]
   00:00:00:00:00:07    00:00:00:00:00:0e  [2[7,14], 3[2,7,14], 5[2,5,7,14,15,22], 7[1,2,3,5,6,7,11,12,13,14,15,18,19,22], 8[1,2,3,7,14,15,16,22]]
   00:00:00:00:00:07    00:00:00:00:00:0f  [3[2,5,7,15,22], 4[2,7,14,15], 5[1,3,5,6,7,11,12,13,15,18,19,22], 6[1,3,7,15,16,22]]
   00:00:00:00:00:07    00:00:00:00:00:0d  [3[3,5,6,7,13], 4[5,7,8,13], 5[1,2,3,5,6,7,11,12,13,15,18,19,22], 6[1,2,3,5,7,8,13,15]]
   00:00:00:00:00:07    00:00:00:00:00:04  [3[4,5,7], 5[1,2,3,4,5,6,7,11,13,15,17,19,22], 6[1,2,3,4,5,6,7,8,10,13,14,15,16,21,22]]
   00:00:00:00:00:07    00:00:00:00:00:11  [4[4,5,7,17,19,22], 6[1,2,3,4,5,6,7,11,13,15,17,18,19,22]]
   00:00:00:00:00:07    00:00:00:00:00:15  [4[4,5,7,21], 5[1,3,5,7,10,21], 6[1,2,3,4,5,6,7,10,11,13,15,16,17,19,21,22], 7[1,2,3,5,7,9,10,13,15,20,21]]
   00:00:00:00:00:07    00:00:00:00:00:08  [3[5,7,8], 4[3,5,6,7,8,13], 5[1,2,3,5,6,7,8,11,13,15,19,22], 6[1,2,3,5,7,8,12,13,15]]
   00:00:00:00:00:07    00:00:00:00:00:0b  [3[5,7,11,22], 5[1,2,3,5,6,7,11,13,15,18,19,22], 6[1,3,5,6,7,8,11,13,16,22]]
   00:00:00:00:00:07    00:00:00:00:00:13  [3[5,7,19,22], 5[1,2,3,4,5,6,7,11,13,15,17,18,19,22], 6[1,3,5,7,8,13,16,19,22]]
   00:00:00:00:00:07    00:00:00:00:00:06  [2[6,7], 4[3,5,6,7,13,18,22], 5[5,6,7,8,13], 6[1,2,3,5,6,7,11,12,13,15,18,19,22]]
   00:00:00:00:00:07    00:00:00:00:00:12  [3[6,7,18,22], 5[2,3,5,6,7,11,13,15,18,19,22], 6[1,2,3,5,6,7,8,13,14,15,16,18,22], 7[2,5,6,7,11,12,13,15,18,19,22]]
   00:00:00:00:00:07    00:00:00:00:00:16  [2[7,22], 4[2,5,6,7,11,15,18,19,22], 5[1,2,3,5,7,14,15,16,22], 6[1,2,3,5,7,11,13,15,19,22]]
   00:00:00:00:00:07    00:00:00:00:00:09  [5[1,3,5,7,9,10,20], 6[1,4,5,7,9,10,16,20,21,22], 7[1,2,3,5,6,7,9,10,13,15,20]]
   00:00:00:00:00:07    00:00:00:00:00:0c  [4[2,3,5,6,7,12,13,15,22], 5[2,5,7,8,12,13,14,15], 6[1,2,3,5,6,7,11,12,13,15,19,22]]
   00:00:00:00:00:0e    00:00:00:00:00:01  [4[1,3,5,7,14], 5[1,2,3,5,7,14,15,16,22], 6[1,2,3,5,6,7,11,13,14,15,16,19,22]]
   00:00:00:00:00:0e    00:00:00:00:00:03  [3[3,7,14], 4[2,3,7,14], 5[1,3,5,6,7,13,14], 6[1,2,3,5,6,7,8,12,13,14,15,16,22], 7[2,3,5,7,8,13,14]]
   00:00:00:00:00:0e    00:00:00:00:00:05  [3[5,7,14], 4[2,5,7,14,15], 5[1,2,3,5,6,7,11,13,14,15,19,22], 6[1,2,3,5,6,7,11,13,14,15,19,22]]
   00:00:00:00:00:0e    00:00:00:00:00:0a  [5[1,3,5,7,10,14], 6[1,2,3,4,5,7,10,14,15,16,21,22], 7[1,2,3,4,5,6,7,9,10,13,14,15,16,20,21,22]]
   00:00:00:00:00:0e    00:00:00:00:00:10  [4[7,14,16,22], 5[1,2,3,5,7,14,15,16,22], 6[1,2,3,5,6,7,11,14,15,16,18,19,22], 7[2,5,7,11,14,15,16,19,22]]
   00:00:00:00:00:0e    00:00:00:00:00:14  [5[1,3,5,7,14,20], 6[1,2,3,5,7,14,15,16,20,22], 7[1,2,3,5,6,7,9,10,11,13,14,15,16,20,22]]
   00:00:00:00:00:0e    00:00:00:00:00:02  [2[2,14], 3[2,7,14], 5[2,5,7,14,15,22], 7[1,2,3,5,6,7,11,12,13,14,15,18,19,22], 8[1,2,3,7,14,15,16,22]]
   00:00:00:00:00:0e    00:00:00:00:00:07  [2[7,14], 3[2,7,14], 5[2,5,7,14,15,22], 7[1,2,3,5,6,7,11,12,13,14,15,18,19,22], 8[1,2,5,7,14,15,16,22]]
   00:00:00:00:00:0e    00:00:00:00:00:0f  [3[2,14,15], 4[2,5,7,14,15,22], 5[2,5,7,14,15,22], 6[1,3,5,6,7,11,12,13,14,15,18,19,22]]
   00:00:00:00:00:0e    00:00:00:00:00:0d  [4[3,5,6,7,13,14], 5[2,3,5,6,7,8,12,13,14,15], 6[1,2,3,5,7,8,11,12,13,14,15,22]]
   00:00:00:00:00:0e    00:00:00:00:00:04  [4[4,5,7,14], 5[2,4,5,7,14,15], 6[1,2,3,4,5,6,7,11,13,14,15,17,19,22], 7[1,2,3,4,5,7,11,13,14,17,19,22]]
   00:00:00:00:00:0e    00:00:00:00:00:11  [5[4,5,7,14,17,19,22], 6[2,4,5,7,14,15,17,19,22], 7[1,3,4,5,6,7,11,13,14,15,17,19,22]]
   00:00:00:00:00:0e    00:00:00:00:00:15  [5[4,5,7,14,21], 6[1,2,3,4,5,7,10,14,15,21], 7[1,2,3,4,5,6,7,10,11,13,14,15,17,19,21,22]]
   00:00:00:00:00:0e    00:00:00:00:00:08  [4[5,7,8,14], 5[2,3,5,6,7,8,13,14,15], 6[1,2,3,5,6,7,8,11,12,13,14,15,22]]
   00:00:00:00:00:0e    00:00:00:00:00:0b  [4[5,7,11,14,22], 5[2,5,7,11,14,15,22], 6[1,2,3,5,6,7,11,13,14,15,18,19,22]]
   00:00:00:00:00:0e    00:00:00:00:00:13  [4[5,7,14,19,22], 5[2,5,7,14,15,19,22], 6[1,2,3,4,5,6,7,11,13,14,15,17,18,19,22]]
   00:00:00:00:00:0e    00:00:00:00:00:06  [3[6,7,14], 4[2,6,7,14], 5[3,5,6,7,13,14,18,22], 6[2,3,5,6,7,8,12,13,14,15,18,22], 7[2,5,6,7,8,13,14,15]]
   00:00:00:00:00:0e    00:00:00:00:00:12  [4[6,7,14,18,22], 5[2,6,7,14,15,18,22], 6[2,3,5,6,7,11,13,14,15,18,19,22], 7[2,3,5,6,7,11,13,14,15,18,19,22]]
   00:00:00:00:00:0e    00:00:00:00:00:16  [3[7,14,22], 4[2,7,14,15,22], 5[2,5,6,7,11,14,15,18,19,22], 6[1,2,3,5,6,7,11,14,15,16,18,19,22]]
   00:00:00:00:00:0e    00:00:00:00:00:09  [6[1,3,5,7,9,10,14,20], 7[1,2,3,4,5,7,9,10,14,15,16,20,21,22], 8[1,2,4,5,7,9,10,14,16,20,21,22]]
   00:00:00:00:00:0e    00:00:00:00:00:0c  [4[2,12,14,15], 5[2,3,5,6,7,12,13,14,15,22], 6[2,3,5,6,7,8,12,13,14,15,22], 7[2,5,7,8,12,13,14,15]]
   00:00:00:00:00:0f    00:00:00:00:00:01  [3[1,5,15], 4[1,15,16,22], 5[1,2,3,5,7,11,12,13,15,19,22], 6[1,2,3,5,7,14,15,16,22]]
   00:00:00:00:00:0f    00:00:00:00:00:03  [4[1,2,3,5,7,12,13,15,22], 5[1,2,3,5,7,8,13,14,15,16,22], 6[1,2,3,5,6,7,11,13,15,19,22]]
   00:00:00:00:00:0f    00:00:00:00:00:05  [2[5,15], 4[2,5,7,11,12,13,15,19,22], 5[1,2,5,7,8,12,13,14,15,16,22], 6[1,2,3,5,6,7,11,12,13,15,19,22]]
   00:00:00:00:00:0f    00:00:00:00:00:0a  [4[1,5,10,15], 5[1,4,5,10,15,16,21,22], 6[1,2,3,5,7,9,10,11,12,13,15,19,20,22], 7[1,2,4,5,7,10,15,16,21,22]]
   00:00:00:00:00:0f    00:00:00:00:00:10  [3[15,16,22], 4[1,5,15,16], 5[2,5,7,11,15,16,19,22], 6[1,2,3,5,7,11,12,13,14,15,16,22]]
   00:00:00:00:00:0f    00:00:00:00:00:14  [4[1,5,15,20], 5[1,15,16,20,22], 6[1,2,3,5,7,9,10,11,12,13,15,19,20,22], 7[1,2,3,5,7,14,15,16,20,22]]
   00:00:00:00:00:0f    00:00:00:00:00:02  [2[2,15], 4[2,5,7,15,22], 5[2,5,7,14,15,22], 6[1,2,3,5,6,7,11,12,13,15,18,19,22]]
   00:00:00:00:00:0f    00:00:00:00:00:07  [3[2,5,7,15,22], 4[2,7,14,15], 5[1,3,5,6,7,11,12,13,15,18,19,22], 6[1,5,7,15,16,22]]
   00:00:00:00:00:0f    00:00:00:00:00:0e  [3[2,14,15], 4[2,5,7,14,15,22], 5[2,5,7,14,15,22], 6[1,3,5,6,7,11,12,13,14,15,19,22]]
   00:00:00:00:00:0f    00:00:00:00:00:0d  [3[5,12,13,15], 4[5,8,13,15], 5[1,2,3,5,6,7,11,13,15,18,19,22], 6[2,5,7,8,13,15]]
   00:00:00:00:00:0f    00:00:00:00:00:04  [3[4,5,15], 5[2,4,5,7,11,12,13,15,17,19,22], 6[1,2,4,5,7,8,10,12,13,14,15,16,21,22], 7[1,2,3,4,5,7,11,13,15,17,19,22]]
   00:00:00:00:00:0f    00:00:00:00:00:11  [4[4,5,15,17,19,22], 6[2,4,5,7,11,12,13,15,17,19,22], 7[2,4,5,7,14,15,17]]
   00:00:00:00:00:0f    00:00:00:00:00:15  [4[4,5,15,21], 5[1,5,10,15,21], 6[1,2,4,5,7,10,11,12,13,15,16,17,19,21,22], 7[1,2,3,4,5,7,9,10,13,14,15,20,21]]
   00:00:00:00:00:0f    00:00:00:00:00:08  [3[5,8,15], 4[5,8,12,13,15], 5[2,5,7,8,11,12,13,15,19,22], 6[1,2,3,5,6,7,8,13,14,15,22]]
   00:00:00:00:00:0f    00:00:00:00:00:0b  [3[5,11,15,22], 5[2,5,7,11,12,13,15,19,22], 6[1,2,5,7,8,11,12,13,14,15,16,22], 7[1,2,3,5,7,11,13,15]]
   00:00:00:00:00:0f    00:00:00:00:00:13  [3[5,15,19,22], 5[2,4,5,7,11,12,13,15,17,19,22], 6[1,2,5,7,8,12,13,14,15,16,19,22], 7[1,2,3,5,7,15,19]]
   00:00:00:00:00:0f    00:00:00:00:00:06  [4[2,5,6,7,12,13,15,18,22], 5[2,5,6,7,8,13,14,15], 6[1,2,3,5,6,7,11,13,15,18,22]]
   00:00:00:00:00:0f    00:00:00:00:00:12  [3[15,18,22], 5[2,5,6,7,11,12,13,15,18,19,22], 6[1,2,5,6,7,8,13,14,15,16,18,22], 7[2,3,5,6,7,13,15,18]]
   00:00:00:00:00:0f    00:00:00:00:00:16  [2[15,22], 4[2,5,7,11,15,19,22], 5[1,2,5,7,14,15,16,22], 6[1,2,3,4,5,6,7,11,13,15,17,18,19,22]]
   00:00:00:00:00:0f    00:00:00:00:00:09  [5[1,5,9,10,15,20], 6[1,4,5,9,10,15,16,20,21,22], 7[1,2,3,5,7,9,10,12,13,15,20]]
   00:00:00:00:00:0f    00:00:00:00:00:0c  [2[12,15], 4[5,12,13,15], 5[5,8,12,13,15], 6[1,2,3,5,6,7,11,12,13,15,18,19,22], 7[2,5,7,8,12,13,15]]
   00:00:00:00:00:0d    00:00:00:00:00:01  [3[1,3,5,13], 4[1,5,8,13], 5[1,3,5,6,7,12,13,15], 6[1,3,4,5,6,7,10,11,13,15,16,18,19,21,22]]
   00:00:00:00:00:0d    00:00:00:00:00:03  [2[3,13], 4[1,3,5,6,7,13], 5[1,3,5,7,8,13], 6[1,2,3,5,6,7,11,12,13,15,18,19,22]]
   00:00:00:00:00:0d    00:00:00:00:00:05  [2[5,13], 3[5,8,13], 4[1,3,5,6,7,12,13,15], 6[1,2,3,5,6,7,11,13,15,18,19,22]]
   00:00:00:00:00:0d    00:00:00:00:00:0a  [4[1,3,5,10,13], 5[1,4,5,8,10,13,21], 6[1,3,4,5,6,7,8,9,10,12,13,15,20,21], 7[1,3,4,5,7,10,13,16,21,22]]
   00:00:00:00:00:0d    00:00:00:00:00:10  [4[1,3,5,13,16], 5[1,3,5,6,7,8,11,12,13,15,16,18,19,22], 6[1,3,5,6,7,8,13,16,22]]
   00:00:00:00:00:0d    00:00:00:00:00:14  [4[1,3,5,13,20], 5[1,5,8,13,20], 6[1,3,5,6,7,9,10,12,13,15,20], 7[1,3,4,5,7,9,10,11,13,15,16,20,21,22]]
   00:00:00:00:00:0d    00:00:00:00:00:02  [4[2,3,5,6,7,12,13,15], 5[2,3,5,6,7,8,13,14,15], 6[1,2,3,5,7,13,15,22]]
   00:00:00:00:00:0d    00:00:00:00:00:07  [3[3,5,6,7,13], 4[5,7,8,13], 5[1,2,3,5,6,7,11,12,13,15,18,19,22], 6[1,3,5,7,13,16,22]]
   00:00:00:00:00:0d    00:00:00:00:00:0e  [4[3,5,6,7,13,14], 5[2,3,5,6,7,8,12,13,14,15], 6[1,2,3,5,6,7,11,13,14,15,18,19,22]]
   00:00:00:00:00:0d    00:00:00:00:00:0f  [3[5,12,13,15], 4[5,8,13,15], 5[1,2,3,5,6,7,11,13,15,18,19,22], 6[1,3,13,15,16,22]]
   00:00:00:00:00:0d    00:00:00:00:00:04  [3[4,5,13], 4[4,5,8,13], 5[1,3,4,5,6,7,12,13,15,17,19], 6[1,3,4,5,8,10,13,17,19,21], 7[1,2,3,4,5,7,11,13,15,17,19,22]]
   00:00:00:00:00:0d    00:00:00:00:00:11  [4[4,5,13,17,19], 5[4,5,8,13,17,19], 6[1,3,4,5,6,7,11,13,15,17,18,19,22]]
   00:00:00:00:00:0d    00:00:00:00:00:15  [4[4,5,13,21], 5[1,3,4,5,8,10,13,21], 6[1,3,4,5,6,7,8,10,12,13,15,17,19,21], 7[1,3,5,6,7,9,10,13,20,21]]
   00:00:00:00:00:0d    00:00:00:00:00:08  [2[8,13], 3[5,8,13], 5[1,3,5,6,7,8,12,13,15], 7[1,2,3,5,6,7,8,11,13,15,18,19,22]]
   00:00:00:00:00:0d    00:00:00:00:00:0b  [3[5,11,13], 4[5,8,11,13], 5[1,3,5,6,7,11,12,13,15,18,19,22], 6[1,3,5,7,8,11,13,16,22]]
   00:00:00:00:00:0d    00:00:00:00:00:13  [3[5,13,19], 4[5,8,13,19], 5[1,3,4,5,6,7,11,12,13,15,17,18,19,22], 6[1,3,5,13,16,19,22]]
   00:00:00:00:00:0d    00:00:00:00:00:06  [2[6,13], 4[3,5,6,7,13], 5[5,6,7,8,13], 6[1,2,3,5,6,7,11,12,13,15,18,19,22]]
   00:00:00:00:00:0d    00:00:00:00:00:12  [3[6,13,18], 5[3,5,6,7,11,12,13,15,18,19,22], 6[1,3,5,6,7,8,11,13,15,16,18,22]]
   00:00:00:00:00:0d    00:00:00:00:00:16  [4[3,5,6,7,11,12,13,15,18,19,22], 5[1,3,5,7,8,11,13,15,16,19,22], 6[1,3,5,7,11,13,22]]
   00:00:00:00:00:0d    00:00:00:00:00:09  [5[1,3,5,9,10,13,20], 6[1,4,5,8,9,10,13,20,21], 7[1,3,4,5,6,7,8,9,10,13,20,21]]
   00:00:00:00:00:0d    00:00:00:00:00:0c  [2[12,13], 4[5,12,13,15], 5[5,8,12,13,15], 6[1,2,3,5,6,7,11,12,13,15,18,19,22], 7[1,3,12,13,15,16,22]]
   00:00:00:00:00:04    00:00:00:00:00:01  [3[1,4,5], 4[1,4,10,21], 5[1,3,4,5,7,13,17,19], 6[1,3,4,5,7,8,9,10,11,13,15,16,17,19,20,21,22], 7[1,2,3,4,5,6,7,11,13,15,22]]
   00:00:00:00:00:04    00:00:00:00:00:03  [4[1,3,4,5,7,13], 5[1,3,4,5,8,10,13,21], 6[1,2,3,4,5,6,7,11,12,13,15,17,19,22]]
   00:00:00:00:00:04    00:00:00:00:00:05  [2[4,5], 4[4,5,17,19], 5[1,4,5,10,21], 6[4,5,7,11,15,17,19,22], 7[1,3,4,5,7,9,10,13,16,17,19,20,21,22], 8[1,2,3,4,5,6,7,12,13,15,17,19,22]]
   00:00:00:00:00:04    00:00:00:00:00:0a  [3[4,10,21], 4[1,4,5,10], 6[1,3,4,5,7,9,10,13,17,19,20], 7[1,3,4,5,7,8,10,11,13,15,16,17,19,22], 8[1,3,4,5,6,7,9,10,11,13,20,22]]
   00:00:00:00:00:04    00:00:00:00:00:10  [4[1,4,5,16], 5[1,4,5,7,10,11,15,16,17,19,21,22], 6[1,3,4,5,7,13,16,17,19], 7[1,2,3,4,5,6,7,8,13,15,16,18,22]]
   00:00:00:00:00:04    00:00:00:00:00:14  [4[1,4,5,20], 5[1,4,9,10,20,21], 6[1,3,4,5,7,9,10,13,17,19,20], 7[1,3,4,5,7,8,11,13,15,16,17,19,20,22], 8[1,3,4,5,6,7,9,10,11,13,20,22]]
   00:00:00:00:00:04    00:00:00:00:00:02  [4[2,4,5,7,15], 5[2,4,5,7,14], 6[1,2,3,4,5,6,7,11,12,13,15,17,19,22]]
   00:00:00:00:00:04    00:00:00:00:00:07  [3[4,5,7], 5[1,2,3,4,5,6,7,11,13,15,17,19,22], 6[1,2,3,4,5,6,7,8,10,13,14,15,16,21,22]]
   00:00:00:00:00:04    00:00:00:00:00:0e  [4[4,5,7,14], 5[2,4,5,7,14,15], 6[1,2,3,4,5,6,7,11,13,14,15,17,19,22], 7[1,2,3,4,5,7,8,13,14,15,16,22]]
   00:00:00:00:00:04    00:00:00:00:00:0f  [3[4,5,15], 5[2,4,5,7,11,12,13,15,17,19,22], 6[1,2,4,5,7,8,10,12,13,14,15,16,21,22], 7[1,2,3,4,5,7,12,13,15,22]]
   00:00:00:00:00:04    00:00:00:00:00:0d  [3[4,5,13], 4[4,5,8,13], 5[1,3,4,5,6,7,12,13,15,17,19], 6[1,3,4,5,8,10,13,17,19,21], 7[1,2,3,4,5,6,7,11,12,13,15,18,22]]
   00:00:00:00:00:04    00:00:00:00:00:11  [2[4,17], 4[4,5,17,19], 6[4,5,7,11,15,17,19,22], 7[1,4,5,10,16,17,19,21,22], 8[1,2,3,4,5,6,7,10,12,13,15,16,17,18,19,21,22]]
   00:00:00:00:00:04    00:00:00:00:00:15  [2[4,21], 5[1,4,5,10,21], 7[1,3,4,5,7,9,10,13,17,19,20,21], 8[1,3,4,5,7,8,10,11,13,15,16,17,19,21,22], 9[1,3,4,5,6,7,9,10,11,13,20,21,22]]
   00:00:00:00:00:04    00:00:00:00:00:08  [3[4,5,8], 4[4,5,8,13], 5[4,5,8,17,19], 6[1,3,4,5,6,7,8,10,12,13,15,17,19,21], 7[1,3,4,5,7,8,10,11,13,15,17,19,21,22], 8[1,3,4,5,6,7,8,13,18,22]]
   00:00:00:00:00:04    00:00:00:00:00:0b  [3[4,5,11], 5[4,5,7,11,15,17,19,22], 6[1,4,5,10,11,16,21,22], 7[1,2,3,4,5,6,7,11,12,13,15,18,22]]
   00:00:00:00:00:04    00:00:00:00:00:13  [3[4,5,17,19], 5[4,5,7,11,15,19,22], 6[1,4,5,10,16,19,21,22], 7[1,2,3,4,5,6,7,10,12,13,15,16,18,19,21,22]]
   00:00:00:00:00:04    00:00:00:00:00:06  [4[4,5,6,7,13], 5[4,5,6,8,13], 6[1,2,3,4,5,6,7,11,12,13,15,18,19,22]]
   00:00:00:00:00:04    00:00:00:00:00:12  [5[4,5,6,7,11,13,15,17,18,19,22], 6[1,4,5,6,8,13,16,18,22], 7[1,2,3,4,5,6,7,11,13,15,18,22]]
   00:00:00:00:00:04    00:00:00:00:00:16  [4[4,5,7,11,15,17,19,22], 5[1,4,5,16,22], 6[1,2,3,4,5,6,7,11,12,13,15,17,18,19,22]]
   00:00:00:00:00:04    00:00:00:00:00:09  [4[4,9,10,21], 5[1,4,5,9,10,20], 6[1,4,9,10,20,21], 7[1,3,4,5,7,9,10,13,17,19,20], 8[1,3,4,5,7,8,9,10,11,13,16,20,22]]
   00:00:00:00:00:04    00:00:00:00:00:0c  [4[4,5,12,13,15], 5[4,5,8,12,13], 6[1,2,3,4,5,6,7,11,12,13,15,17,19,22], 7[1,2,4,5,7,8,12,13,14,15,16,17,19,22]]
   00:00:00:00:00:11    00:00:00:00:00:01  [4[1,4,5,17,19], 5[1,4,10,16,17,19,21,22], 6[1,3,4,5,7,11,13,15,17,19,22], 7[1,3,4,5,7,8,11,13,15,16,17,22]]
   00:00:00:00:00:11    00:00:00:00:00:03  [5[1,3,4,5,7,13,17,19,22], 6[1,3,4,5,8,10,13,16,17,19,21,22], 7[2,3,4,5,6,7,11,13,15,17,22]]
   00:00:00:00:00:11    00:00:00:00:00:05  [3[4,5,17,19], 5[5,7,11,15,17,19,22], 6[1,4,5,10,16,17,19,21,22], 7[1,2,3,5,6,7,12,13,15,17,18,19,22], 8[1,3,4,5,7,10,17,21]]
   00:00:00:00:00:11    00:00:00:00:00:0a  [4[4,10,17,21], 5[1,4,5,10,17,19], 6[1,4,5,10,16,17,19,21,22], 7[1,3,4,5,7,9,10,11,13,15,17,19,20,22], 8[1,4,5,7,10,16,17,22]]
   00:00:00:00:00:11    00:00:00:00:00:10  [4[16,17,19,22], 5[1,4,5,16,17,19], 6[1,4,5,7,10,11,15,16,17,19,21,22], 7[1,3,4,5,7,13,16,17,19,22]]
   00:00:00:00:00:11    00:00:00:00:00:14  [5[1,4,5,17,19,20], 6[1,4,9,10,16,17,19,20,21,22], 7[1,3,4,5,7,9,10,11,13,15,17,19,20,22], 8[1,4,5,7,16,17,20,22]]
   00:00:00:00:00:11    00:00:00:00:00:02  [5[2,4,5,7,15,17,19,22], 6[2,4,5,7,14,17,19,22], 7[1,2,3,4,5,6,7,11,12,13,15,17,22]]
   00:00:00:00:00:11    00:00:00:00:00:07  [4[4,5,7,17,19,22], 6[1,2,3,4,5,6,7,11,13,15,17,19,22]]
   00:00:00:00:00:11    00:00:00:00:00:0e  [5[4,5,7,14,17,19,22], 6[2,4,5,7,14,15,17,19,22], 7[1,2,3,4,5,6,7,11,13,14,15,17,19,22]]
   00:00:00:00:00:11    00:00:00:00:00:0f  [4[4,5,15,17,19,22], 6[2,4,5,7,11,12,13,15,17,19,22], 7[2,4,5,7,14,15,17]]
   00:00:00:00:00:11    00:00:00:00:00:0d  [4[4,5,13,17,19], 5[4,5,8,13,17,19], 6[1,3,4,5,6,7,11,12,13,15,17,19,22]]
   00:00:00:00:00:11    00:00:00:00:00:04  [2[4,17], 4[4,5,17,19], 6[4,5,7,11,15,17,19,22], 7[1,4,5,10,16,17,19,21,22], 8[1,2,3,4,5,6,7,10,12,13,15,16,17,18,19,21,22]]
   00:00:00:00:00:11    00:00:00:00:00:15  [3[4,17,21], 5[4,5,17,19,21], 6[1,4,5,10,17,19,21], 7[1,4,5,7,10,11,15,16,17,19,21,22], 8[1,3,4,5,7,9,10,13,17,19,20,21,22]]
   00:00:00:00:00:11    00:00:00:00:00:08  [4[4,5,8,17,19], 5[4,5,8,13,17,19], 6[5,7,8,11,15,17,19,22], 7[1,3,4,5,6,7,8,10,12,13,15,17,19,21]]
   00:00:00:00:00:11    00:00:00:00:00:0b  [4[4,5,11,17,19,22], 6[4,5,7,11,15,17,19,22], 7[1,4,5,10,11,16,17,19,21,22], 8[1,2,3,4,5,7,11,15,17,22]]
   00:00:00:00:00:11    00:00:00:00:00:13  [2[17,19], 4[4,5,17,19], 6[4,5,7,11,15,17,19,22], 7[1,4,5,10,16,17,19,21,22], 8[1,2,3,4,5,6,7,10,12,13,15,16,17,18,19,21,22]]
   00:00:00:00:00:11    00:00:00:00:00:06  [5[4,5,6,7,13,17,18,19,22], 6[4,5,6,8,13,17,19], 7[1,2,3,4,5,6,7,11,13,15,17,18,22]]
   00:00:00:00:00:11    00:00:00:00:00:12  [4[17,18,19,22], 6[4,5,6,7,11,13,15,17,18,19,22], 7[1,4,5,6,8,13,16,17,18,19,22]]
   00:00:00:00:00:11    00:00:00:00:00:16  [3[17,19,22], 5[4,5,7,11,15,17,19,22], 6[1,4,5,16,17,19,22], 7[1,2,3,4,5,6,7,13,15,17,18,22]]
   00:00:00:00:00:11    00:00:00:00:00:09  [5[4,9,10,17,21], 6[1,4,5,9,10,17,19,20], 7[1,4,5,9,10,16,17,19,20,21,22], 8[1,3,4,5,7,9,10,13,17,19,20]]
   00:00:00:00:00:11    00:00:00:00:00:0c  [5[4,5,12,13,15,17,19,22], 6[4,5,8,12,13,17,19], 7[1,2,3,4,5,6,7,11,12,13,15,17,19,22]]
   00:00:00:00:00:15    00:00:00:00:00:01  [3[1,10,21], 4[1,4,5,21], 5[1,9,10,20,21], 6[1,3,4,5,7,13,17,19,21], 7[1,3,4,5,7,8,11,13,15,16,17,19,21,22], 8[1,2,3,4,5,6,7,11,13,15,21,22]]
   00:00:00:00:00:15    00:00:00:00:00:03  [4[1,3,10,21], 5[1,3,4,5,7,13,21], 6[1,3,4,5,7,8,9,10,13,20,21], 7[1,2,3,4,5,6,7,11,12,13,15,17,19,21,22]]
   00:00:00:00:00:15    00:00:00:00:00:05  [3[4,5,21], 4[1,5,10,21], 5[4,5,17,19,21], 6[1,3,5,7,9,10,13,20,21], 7[1,3,4,5,7,8,10,11,13,15,16,17,19,21,22], 8[1,3,4,5,7,10,11,16,17,19,21,22]]
   00:00:00:00:00:15    00:00:00:00:00:0a  [2[10,21], 5[1,4,5,10,21], 7[1,3,4,5,7,9,10,13,17,19,20,21], 8[1,3,4,5,7,8,10,11,13,15,16,17,19,21,22], 9[1,3,4,5,6,7,9,10,11,13,20,21,22]]
   00:00:00:00:00:15    00:00:00:00:00:10  [4[1,10,16,21], 5[1,4,5,16,21], 6[1,4,5,7,9,10,11,15,16,17,19,20,21,22], 7[1,3,4,5,7,10,11,13,15,16,17,19,21,22]]
   00:00:00:00:00:15    00:00:00:00:00:14  [4[1,9,10,20,21], 5[1,4,5,20,21], 7[1,3,4,5,7,9,10,13,17,19,20,21], 8[1,3,4,5,7,8,11,13,15,16,17,19,20,21,22], 9[1,3,4,5,6,7,9,10,11,13,20,21,22]]
   00:00:00:00:00:15    00:00:00:00:00:02  [5[2,4,5,7,15,21], 6[1,2,3,4,5,7,10,14,15,21], 7[1,2,3,4,5,6,7,11,12,13,15,19,21,22]]
   00:00:00:00:00:15    00:00:00:00:00:07  [4[4,5,7,21], 5[1,3,5,7,10,21], 6[1,2,3,4,5,6,7,10,11,13,15,16,17,19,21,22], 7[1,3,4,5,6,7,8,13,16,21,22]]
   00:00:00:00:00:15    00:00:00:00:00:0e  [5[4,5,7,14,21], 6[1,2,3,4,5,7,10,14,15,21], 7[1,2,3,4,5,6,7,10,11,13,14,15,17,19,21,22]]
   00:00:00:00:00:15    00:00:00:00:00:0f  [4[4,5,15,21], 5[1,5,10,15,21], 6[1,2,4,5,7,10,11,12,13,15,16,17,19,21,22], 7[1,2,3,4,5,7,8,10,12,13,14,15,16,21,22]]
   00:00:00:00:00:15    00:00:00:00:00:0d  [4[4,5,13,21], 5[1,3,4,5,8,10,13,21], 6[1,3,4,5,6,7,8,10,12,13,15,17,19,21], 7[1,3,4,5,6,7,8,10,12,13,15,17,19,21]]
   00:00:00:00:00:15    00:00:00:00:00:04  [2[4,21], 5[1,4,5,10,21], 7[1,3,4,5,7,9,10,13,17,19,20,21], 8[1,3,4,5,7,8,10,11,13,15,16,17,19,21,22], 9[1,2,3,4,5,6,7,10,11,13,15,17,19,21,22]]
   00:00:00:00:00:15    00:00:00:00:00:11  [3[4,17,21], 5[4,5,17,19,21], 6[1,4,5,10,17,19,21], 7[1,4,5,7,10,11,15,16,17,19,21,22], 8[1,3,4,5,7,10,11,13,16,17,19,21,22]]
   00:00:00:00:00:15    00:00:00:00:00:08  [4[4,5,8,21], 5[1,4,5,8,10,13,21], 6[1,3,4,5,8,10,13,17,19,21], 7[1,3,4,5,6,7,8,9,10,12,13,15,17,19,20,21], 8[4,5,7,8,11,17,19,21,22]]
   00:00:00:00:00:15    00:00:00:00:00:0b  [4[4,5,11,21], 5[1,5,10,11,21], 6[1,4,5,7,10,11,15,16,17,19,21,22], 7[1,3,4,5,7,9,10,11,13,15,16,19,20,21,22]]
   00:00:00:00:00:15    00:00:00:00:00:13  [4[4,5,17,19,21], 5[1,5,10,19,21], 6[1,4,5,7,10,11,15,16,19,21,22], 7[1,3,4,5,7,9,10,11,13,15,16,17,19,20,21,22]]
   00:00:00:00:00:15    00:00:00:00:00:06  [5[4,5,6,7,13,21], 6[1,3,4,5,6,7,8,10,13,21], 7[1,2,3,4,5,6,7,11,13,15,18,21,22]]
   00:00:00:00:00:15    00:00:00:00:00:12  [6[1,4,5,6,7,10,11,13,15,16,17,18,19,21,22], 7[1,3,4,5,6,7,8,10,13,16,18,21,22]]
   00:00:00:00:00:15    00:00:00:00:00:16  [5[1,4,5,7,10,11,15,16,17,19,21,22], 6[1,3,4,5,7,10,11,15,16,19,21,22], 7[1,2,3,4,5,6,7,13,15,18,21,22]]
   00:00:00:00:00:15    00:00:00:00:00:09  [3[9,10,21], 5[1,9,10,20,21], 6[1,4,5,9,10,20,21], 8[1,3,4,5,7,9,10,13,17,19,20,21], 9[1,3,4,5,7,8,9,10,11,13,16,20,21,22]]
   00:00:00:00:00:15    00:00:00:00:00:0c  [5[4,5,12,13,15,21], 6[1,3,4,5,8,10,12,13,15,21], 7[1,2,3,4,5,6,7,11,12,13,15,17,19,21,22]]
   00:00:00:00:00:08    00:00:00:00:00:01  [3[1,5,8], 4[1,3,5,8,13], 5[1,3,5,7,8,13], 6[1,3,4,5,6,7,8,10,11,12,13,15,16,19,21,22], 7[1,3,5,6,7,8,13]]
   00:00:00:00:00:08    00:00:00:00:00:03  [3[3,8,13], 4[1,3,5,7,8,13], 5[1,3,5,6,7,8,13], 6[2,3,5,6,7,8,11,12,13,15,19,22], 7[1,3,4,5,7,8,10,16,21,22]]
   00:00:00:00:00:08    00:00:00:00:00:05  [2[5,8], 3[5,8,13], 5[1,3,5,6,7,8,12,13,15], 7[1,2,3,5,6,7,8,11,13,15,18,19,22]]
   00:00:00:00:00:08    00:00:00:00:00:0a  [4[1,5,8,10], 5[1,3,4,5,8,10,13,21], 6[1,3,4,5,7,8,9,10,13,20,21], 7[1,3,4,5,7,8,9,10,11,13,15,16,17,19,20,21,22]]
   00:00:00:00:00:08    00:00:00:00:00:10  [4[1,5,8,16], 5[1,3,5,7,8,11,13,15,16,19,22], 6[1,3,5,6,7,8,11,13,15,16,18,19,22]]
   00:00:00:00:00:08    00:00:00:00:00:14  [4[1,5,8,20], 5[1,3,5,8,13,20], 6[1,3,5,7,8,9,10,13,20], 7[1,3,4,5,7,8,9,10,11,13,15,16,19,20,21,22]]
   00:00:00:00:00:08    00:00:00:00:00:02  [4[2,5,7,8,15], 5[2,3,5,6,7,8,12,13,14,15], 6[1,2,3,5,6,7,8,11,12,13,15,22]]
   00:00:00:00:00:08    00:00:00:00:00:07  [3[5,7,8], 4[3,5,6,7,8,13], 5[1,2,3,5,6,7,8,11,13,15,19,22], 6[1,2,3,5,7,8,13,14,15,16,22]]
   00:00:00:00:00:08    00:00:00:00:00:0e  [4[5,7,8,14], 5[2,3,5,6,7,8,13,14,15], 6[1,2,3,5,6,7,8,11,13,14,15,19,22]]
   00:00:00:00:00:08    00:00:00:00:00:0f  [3[5,8,15], 4[5,8,12,13,15], 5[2,5,7,8,11,12,13,15,19,22], 6[1,2,3,5,7,8,13,14,15,16,22]]
   00:00:00:00:00:08    00:00:00:00:00:0d  [2[8,13], 3[5,8,13], 5[1,3,5,6,7,8,12,13,15], 7[1,2,3,5,6,7,8,11,12,13,15,18,22]]
   00:00:00:00:00:08    00:00:00:00:00:04  [3[4,5,8], 4[4,5,8,13], 5[4,5,8,17,19], 6[1,3,4,5,6,7,8,10,12,13,15,17,19,21], 7[1,3,4,5,7,8,10,11,13,15,17,19,21,22], 8[1,4,5,8,9,10,16,17,19,20,21,22]]
   00:00:00:00:00:08    00:00:00:00:00:11  [4[4,5,8,17,19], 5[4,5,8,13,17,19], 6[5,7,8,11,15,17,19,22], 7[1,3,4,5,7,8,10,11,13,16,17,19,21,22]]
   00:00:00:00:00:08    00:00:00:00:00:15  [4[4,5,8,21], 5[1,4,5,8,10,13,21], 6[1,3,4,5,8,10,13,17,19,21], 7[1,3,4,5,6,7,8,9,10,12,13,15,17,19,20,21], 8[1,4,5,7,8,10,16,17,19,21,22]]
   00:00:00:00:00:08    00:00:00:00:00:0b  [3[5,8,11], 4[5,8,11,13], 5[5,7,8,11,15,19,22], 6[1,3,5,6,7,8,11,12,13,15,16,18,19,22]]
   00:00:00:00:00:08    00:00:00:00:00:13  [3[5,8,19], 4[5,8,13,19], 5[4,5,7,8,11,15,17,19,22], 6[1,3,4,5,6,7,8,11,13,15,16,17,19,22]]
   00:00:00:00:00:08    00:00:00:00:00:06  [3[6,8,13], 4[5,6,7,8,13], 5[3,5,6,7,8,13], 6[1,2,3,5,6,7,8,11,12,13,15,18,22]]
   00:00:00:00:00:08    00:00:00:00:00:12  [4[6,8,13,18], 5[5,6,7,8,11,13,15,18,19,22], 6[1,3,5,6,7,8,11,13,15,16,18,19,22]]
   00:00:00:00:00:08    00:00:00:00:00:16  [4[5,7,8,11,15,19,22], 5[1,3,5,6,7,8,11,12,13,15,16,18,19,22], 6[1,2,3,5,6,7,8,15,18,22]]
   00:00:00:00:00:08    00:00:00:00:00:09  [5[1,5,8,9,10,20], 6[1,3,4,5,8,9,10,13,20,21], 7[1,3,4,5,7,8,9,10,13,20,21], 8[1,4,5,7,8,9,10,11,16,20,21,22]]
   00:00:00:00:00:08    00:00:00:00:00:0c  [3[8,12,13], 4[5,8,12,13,15], 5[5,8,12,13,15], 6[1,2,3,5,6,7,8,11,12,13,15,19,22], 7[1,2,3,5,7,8,12,13,14,15,16,22]]
   00:00:00:00:00:0b    00:00:00:00:00:01  [3[1,5,11], 4[1,11,16,22], 5[1,3,5,7,11,13,15,19,22], 6[1,3,4,5,7,8,10,11,13,15,16,19,21,22], 7[1,2,3,5,6,7,11,13,15]]
   00:00:00:00:00:0b    00:00:00:00:00:03  [4[1,3,5,7,11,13,22], 5[1,3,5,8,11,13,16,22], 6[1,2,3,5,6,7,11,12,13,15,19,22]]
   00:00:00:00:00:0b    00:00:00:00:00:05  [2[5,11], 4[5,7,11,15,19,22], 5[1,5,11,16,22], 6[1,2,3,4,5,6,7,11,12,13,15,17,18,19,22], 7[3,5,6,7,8,11,13,22]]
   00:00:00:00:00:0b    00:00:00:00:00:0a  [4[1,5,10,11], 5[1,4,5,10,11,16,21,22], 6[1,3,5,7,9,10,11,13,15,19,20,22], 7[1,3,4,5,7,8,10,11,13,15,16,17,19,21,22]]
   00:00:00:00:00:0b    00:00:00:00:00:10  [3[11,16,22], 4[1,5,11,16], 5[5,7,11,15,16,19,22], 6[1,3,5,7,11,13,15,16,19,22], 7[1,2,3,4,5,6,7,8,10,11,13,15,16,18,21,22]]
   00:00:00:00:00:0b    00:00:00:00:00:14  [4[1,5,11,20], 5[1,11,16,20,22], 6[1,3,5,7,9,10,11,13,15,19,20,22], 7[1,3,4,5,7,8,9,10,11,13,15,16,19,20,21,22]]
   00:00:00:00:00:0b    00:00:00:00:00:02  [4[2,5,7,11,15,22], 5[2,5,7,11,14,22], 6[1,2,3,5,6,7,11,12,13,15,19,22]]
   00:00:00:00:00:0b    00:00:00:00:00:07  [3[5,7,11,22], 5[1,2,3,5,6,7,11,13,15,18,19,22], 6[1,2,3,5,6,7,8,11,13,14,15,16,22]]
   00:00:00:00:00:0b    00:00:00:00:00:0e  [4[5,7,11,14,22], 5[2,5,7,11,14,15,22], 6[1,2,3,5,6,7,11,13,14,15,18,19,22]]
   00:00:00:00:00:0b    00:00:00:00:00:0f  [3[5,11,15,22], 5[2,5,7,11,12,13,15,19,22], 6[1,2,5,7,8,11,12,13,14,15,16,22], 7[1,2,3,5,7,11,15,22]]
   00:00:00:00:00:0b    00:00:00:00:00:0d  [3[5,11,13], 4[5,8,11,13], 5[1,3,5,6,7,11,12,13,15,18,19,22], 6[1,3,5,7,8,11,13,15,16,22]]
   00:00:00:00:00:0b    00:00:00:00:00:04  [3[4,5,11], 5[4,5,7,11,15,17,19,22], 6[1,4,5,10,11,16,21,22], 7[1,2,3,4,5,6,7,11,13,15,17,19,22]]
   00:00:00:00:00:0b    00:00:00:00:00:11  [4[4,5,11,17,19,22], 6[4,5,7,11,15,17,19,22], 7[1,4,5,10,11,16,17,19,21,22], 8[1,2,3,5,7,11,15,17,19,22]]
   00:00:00:00:00:0b    00:00:00:00:00:15  [4[4,5,11,21], 5[1,5,10,11,21], 6[1,4,5,7,10,11,15,16,17,19,21,22], 7[1,3,4,5,7,9,10,11,13,15,16,19,20,21,22]]
   00:00:00:00:00:0b    00:00:00:00:00:08  [3[5,8,11], 4[5,8,11,13], 5[5,7,8,11,15,19,22], 6[1,3,5,6,7,8,11,12,13,15,16,18,22]]
   00:00:00:00:00:0b    00:00:00:00:00:13  [3[5,11,19,22], 5[4,5,7,11,15,17,19,22], 6[1,5,11,16,19,22], 7[1,2,3,5,6,7,11,12,13,15,18,19,22]]
   00:00:00:00:00:0b    00:00:00:00:00:06  [4[5,6,7,11,13,18,22], 5[5,6,8,11,13], 6[1,2,3,5,6,7,11,12,13,15,18,19,22]]
   00:00:00:00:00:0b    00:00:00:00:00:12  [3[11,18,22], 5[5,6,7,11,13,15,18,19,22], 6[1,5,6,8,11,13,16,18,22], 7[1,2,3,4,5,6,7,11,13,15,17,18,19,22]]
   00:00:00:00:00:0b    00:00:00:00:00:16  [2[11,22], 4[5,7,11,15,19,22], 5[1,5,11,16,22], 6[1,2,3,4,5,6,7,11,12,13,15,17,18,19,22], 7[1,2,3,5,7,11,14,15,16,22]]
   00:00:00:00:00:0b    00:00:00:00:00:09  [5[1,5,9,10,11,20], 6[1,4,5,9,10,11,16,20,21,22], 7[1,3,5,7,9,10,11,13,15,19,20,22]]
   00:00:00:00:00:0b    00:00:00:00:00:0c  [4[5,11,12,13,15,22], 5[5,8,11,12,13], 6[1,2,3,5,6,7,11,12,13,15,19,22]]
   00:00:00:00:00:13    00:00:00:00:00:01  [3[1,5,19], 4[1,16,19,22], 5[1,3,4,5,7,11,13,15,17,19,22], 6[1,3,4,5,7,8,10,11,13,15,16,17,19,21,22], 7[1,3,5,6,7,13,19]]
   00:00:00:00:00:13    00:00:00:00:00:03  [4[1,3,5,7,13,19,22], 5[1,3,5,8,13,16,19,22], 6[1,2,3,4,5,6,7,11,12,13,15,17,19,22]]
   00:00:00:00:00:13    00:00:00:00:00:05  [2[5,19], 4[4,5,7,11,15,17,19,22], 5[1,5,16,19,22], 6[1,2,3,5,6,7,12,13,15,18,19,22], 7[1,3,4,5,7,8,10,13,17,19,21,22]]
   00:00:00:00:00:13    00:00:00:00:00:0a  [4[1,5,10,19], 5[1,4,5,10,16,17,19,21,22], 6[1,3,4,5,7,9,10,11,13,15,17,19,20,22], 7[1,3,5,7,8,10,11,13,15,16,19,22]]
   00:00:00:00:00:13    00:00:00:00:00:10  [3[16,19,22], 4[1,5,16,19], 5[5,7,11,15,16,19,22], 6[1,3,4,5,7,11,13,15,16,17,19,22], 7[1,2,3,5,6,7,8,13,15,16,18,19,22]]
   00:00:00:00:00:13    00:00:00:00:00:14  [4[1,5,19,20], 5[1,16,19,20,22], 6[1,3,4,5,7,9,10,11,13,15,17,19,20,22], 7[1,3,4,5,7,8,9,10,11,13,15,16,19,20,21,22]]
   00:00:00:00:00:13    00:00:00:00:00:02  [4[2,5,7,15,19,22], 5[2,5,7,14,19,22], 6[1,2,3,4,5,6,7,11,12,13,15,17,19,22]]
   00:00:00:00:00:13    00:00:00:00:00:07  [3[5,7,19,22], 5[1,2,3,4,5,6,7,11,13,15,17,18,19,22], 6[1,3,5,6,7,8,13,16,19,22]]
   00:00:00:00:00:13    00:00:00:00:00:0e  [4[5,7,14,19,22], 5[2,5,7,14,15,19,22], 6[1,2,3,4,5,6,7,11,13,14,15,17,19,22]]
   00:00:00:00:00:13    00:00:00:00:00:0f  [3[5,15,19,22], 5[2,4,5,7,11,12,13,15,17,19,22], 6[1,2,5,7,8,12,13,14,15,16,19,22], 7[1,2,3,5,7,15,19]]
   00:00:00:00:00:13    00:00:00:00:00:0d  [3[5,13,19], 4[5,8,13,19], 5[1,3,4,5,6,7,11,12,13,15,17,18,19,22], 6[4,5,7,8,13,17,19,22]]
   00:00:00:00:00:13    00:00:00:00:00:04  [3[4,5,17,19], 5[4,5,7,11,15,19,22], 6[1,4,5,10,16,19,21,22], 7[1,2,3,4,5,6,7,10,12,13,15,16,18,19,21,22]]
   00:00:00:00:00:13    00:00:00:00:00:11  [2[17,19], 4[4,5,17,19], 6[4,5,7,11,15,17,19,22], 7[1,4,5,10,16,17,19,21,22], 8[1,2,3,4,5,6,7,10,12,13,15,16,17,18,19,21,22]]
   00:00:00:00:00:13    00:00:00:00:00:15  [4[4,5,17,19,21], 5[1,5,10,19,21], 6[1,4,5,7,10,11,15,16,19,21,22], 7[1,3,4,5,7,9,10,11,13,15,16,17,19,20,21,22]]
   00:00:00:00:00:13    00:00:00:00:00:08  [3[5,8,19], 4[5,8,13,19], 5[4,5,7,8,11,15,17,19,22], 6[1,3,4,5,6,7,8,11,12,13,15,17,19,22]]
   00:00:00:00:00:13    00:00:00:00:00:0b  [3[5,11,19,22], 5[4,5,7,11,15,17,19,22], 6[1,5,11,16,19,22], 7[1,2,3,5,6,7,11,12,13,15,18,19,22]]
   00:00:00:00:00:13    00:00:00:00:00:06  [4[5,6,7,13,18,19,22], 5[5,6,8,13,19], 6[1,2,3,5,6,7,11,12,13,15,18,19,22]]
   00:00:00:00:00:13    00:00:00:00:00:12  [3[18,19,22], 5[5,6,7,11,13,15,18,19,22], 6[1,5,6,8,13,16,18,19,22], 7[1,2,3,5,6,7,11,13,15,18,19,22]]
   00:00:00:00:00:13    00:00:00:00:00:16  [2[19,22], 4[5,7,11,15,19,22], 5[1,5,16,19,22], 6[1,2,3,4,5,6,7,11,12,13,15,17,18,19,22]]
   00:00:00:00:00:13    00:00:00:00:00:09  [5[1,5,9,10,19,20], 6[1,4,5,9,10,16,17,19,20,21,22], 7[1,3,4,5,7,9,10,13,17,19,20,22]]
   00:00:00:00:00:13    00:00:00:00:00:0c  [4[5,12,13,15,19,22], 5[5,8,12,13,19], 6[1,2,3,4,5,6,7,11,12,13,15,17,19,22]]
   00:00:00:00:00:06    00:00:00:00:00:01  [4[1,3,5,6,7,13], 5[1,5,6,7,8,13,16,18,22], 6[1,2,3,5,6,7,11,12,13,15,19,22]]
   00:00:00:00:00:06    00:00:00:00:00:03  [3[3,6,7,13], 5[1,3,5,6,7,13,18,22], 6[1,3,5,6,7,8,13,16,18,22], 7[1,2,3,5,6,7,12,13,15]]
   00:00:00:00:00:06    00:00:00:00:00:05  [3[5,6,7,13], 4[5,6,8,13], 5[1,2,3,5,6,7,11,12,13,15,18,19,22]]
   00:00:00:00:00:06    00:00:00:00:00:0a  [5[1,3,5,6,7,10,13], 6[1,4,5,6,7,8,10,13,16,18,21,22], 7[1,2,3,5,6,7,9,10,11,13,15,20,22]]
   00:00:00:00:00:06    00:00:00:00:00:10  [4[6,7,16,18,22], 5[1,3,5,6,7,13,16], 6[1,2,3,5,6,7,8,11,13,15,16,19,22]]
   00:00:00:00:00:06    00:00:00:00:00:14  [5[1,3,5,6,7,13,20], 6[1,5,6,7,8,13,16,18,20,22], 7[1,2,3,5,6,7,9,10,11,13,15,19,20,22]]
   00:00:00:00:00:06    00:00:00:00:00:02  [3[2,6,7], 4[2,6,7,14], 5[2,3,5,6,7,12,13,15,18,22], 6[2,3,5,6,7,8,13,14,15,18,22], 7[1,2,3,5,6,7,15]]
   00:00:00:00:00:06    00:00:00:00:00:07  [2[6,7], 4[3,5,6,7,13,18,22], 5[5,6,7,8,13], 6[1,2,3,5,6,7,11,12,13,15,18,19,22]]
   00:00:00:00:00:06    00:00:00:00:00:0e  [3[6,7,14], 4[2,6,7,14], 5[3,5,6,7,13,14,18,22], 6[2,3,5,6,7,8,12,13,14,15,18,22], 7[1,3,5,6,7,13,14]]
   00:00:00:00:00:06    00:00:00:00:00:0f  [4[2,5,6,7,12,13,15,18,22], 5[2,5,6,7,8,13,14,15], 6[1,3,5,6,7,11,12,13,15,19,22]]
   00:00:00:00:00:06    00:00:00:00:00:0d  [2[6,13], 4[3,5,6,7,13], 5[5,6,7,8,13], 6[1,2,3,5,6,7,11,12,13,15,18,19,22]]
   00:00:00:00:00:06    00:00:00:00:00:04  [4[4,5,6,7,13], 5[4,5,6,8,13], 6[1,2,3,4,5,6,7,11,12,13,15,17,18,19,22]]
   00:00:00:00:00:06    00:00:00:00:00:11  [5[4,5,6,7,13,17,18,19,22], 6[4,5,6,8,13,17,19], 7[1,2,3,4,5,6,7,11,13,15,17,19,22]]
   00:00:00:00:00:06    00:00:00:00:00:15  [5[4,5,6,7,13,21], 6[1,3,4,5,6,7,8,10,13,21], 7[1,2,3,4,5,6,7,10,11,13,15,16,17,19,21,22]]
   00:00:00:00:00:06    00:00:00:00:00:08  [3[6,8,13], 4[5,6,7,8,13], 5[3,5,6,7,8,13], 6[1,2,3,5,6,7,8,11,12,13,15,18,19,22]]
   00:00:00:00:00:06    00:00:00:00:00:0b  [4[5,6,7,11,13,18,22], 5[5,6,8,11,13], 6[1,2,3,5,6,7,11,13,15,19,22]]
   00:00:00:00:00:06    00:00:00:00:00:13  [4[5,6,7,13,18,19,22], 5[5,6,8,13,19], 6[1,2,3,4,5,6,7,11,13,15,17,19,22]]
   00:00:00:00:00:06    00:00:00:00:00:12  [2[6,18], 4[6,7,18,22], 6[2,3,5,6,7,11,12,13,15,18,19,22], 7[1,2,3,5,6,7,13,14,15,16,18,22]]
   00:00:00:00:00:06    00:00:00:00:00:16  [3[6,7,18,22], 5[2,3,5,6,7,11,12,13,15,19,22], 6[1,2,3,5,6,7,13,14,15,16,22]]
   00:00:00:00:00:06    00:00:00:00:00:09  [6[1,3,5,6,7,9,10,13,20], 7[1,4,5,6,7,8,9,10,13,16,18,20,21,22]]
   00:00:00:00:00:06    00:00:00:00:00:0c  [3[6,12,13], 5[2,3,5,6,7,12,13,15,18,22], 6[2,5,6,7,8,12,13,14,15], 7[1,2,3,5,6,7,12,13,15]]
   00:00:00:00:00:12    00:00:00:00:00:01  [4[1,16,18,22], 5[1,3,5,6,7,11,13,15,18,19,22], 6[1,5,6,7,8,13,16,18,22], 7[1,2,3,5,6,7,11,13,15,18,22]]
   00:00:00:00:00:12    00:00:00:00:00:03  [4[3,6,7,13,18,22], 5[1,3,16,18,22], 6[1,2,3,5,6,7,11,13,15,18,22]]
   00:00:00:00:00:12    00:00:00:00:00:05  [4[5,6,7,11,13,15,18,19,22], 5[1,5,6,8,13,16,18,22], 6[1,2,3,5,6,7,11,13,15,18,19,22]]
   00:00:00:00:00:12    00:00:00:00:00:0a  [5[1,10,16,18,22], 6[1,3,5,6,7,10,11,13,15,18,19,22], 7[1,4,5,6,7,8,10,11,13,16,18,21,22]]
   00:00:00:00:00:12    00:00:00:00:00:10  [3[16,18,22], 5[6,7,16,18,22], 6[1,3,5,6,7,11,13,15,16,18,19,22], 7[2,3,5,6,7,11,13,15,16,18,19,22]]
   00:00:00:00:00:12    00:00:00:00:00:14  [5[1,16,18,20,22], 6[1,3,5,6,7,11,13,15,18,19,20,22], 7[1,5,6,7,8,9,10,13,16,18,20,22], 8[1,2,3,5,6,7,9,10,13,15,18,20]]
   00:00:00:00:00:12    00:00:00:00:00:02  [4[2,6,7,15,18,22], 5[2,6,7,14,18,22], 6[2,3,5,6,7,11,12,13,15,18,19,22]]
   00:00:00:00:00:12    00:00:00:00:00:07  [3[6,7,18,22], 5[2,3,5,6,7,11,13,15,18,19,22], 6[1,2,3,5,6,7,8,13,14,15,16,18,22], 7[1,2,3,5,6,7,11,13,15,18,22]]
   00:00:00:00:00:12    00:00:00:00:00:0e  [4[6,7,14,18,22], 5[2,6,7,14,15,18,22], 6[2,3,5,6,7,11,13,14,15,18,19,22], 7[2,3,5,6,7,13,14,15,18,22]]
   00:00:00:00:00:12    00:00:00:00:00:0f  [3[15,18,22], 5[2,5,6,7,11,12,13,15,18,19,22], 6[1,2,5,6,7,8,13,14,15,16,18,22], 7[1,3,5,6,7,13,15,18]]
   00:00:00:00:00:12    00:00:00:00:00:0d  [3[6,13,18], 5[3,5,6,7,11,12,13,15,18,19,22], 6[1,3,5,6,7,8,11,13,15,16,18,22]]
   00:00:00:00:00:12    00:00:00:00:00:04  [5[4,5,6,7,11,13,15,17,18,19,22], 6[1,4,5,6,8,13,16,18,22], 7[1,2,3,4,5,6,7,11,13,15,17,18,19,22]]
   00:00:00:00:00:12    00:00:00:00:00:11  [4[17,18,19,22], 6[4,5,6,7,11,13,15,17,18,19,22], 7[1,4,5,6,8,13,16,17,18,19,22]]
   00:00:00:00:00:12    00:00:00:00:00:15  [6[1,4,5,6,7,10,11,13,15,16,17,18,19,21,22], 7[1,3,4,5,6,7,8,10,11,13,18,21,22]]
   00:00:00:00:00:12    00:00:00:00:00:08  [4[6,8,13,18], 5[5,6,7,8,11,13,15,18,19,22], 6[1,3,5,6,7,8,11,12,13,15,16,18,22]]
   00:00:00:00:00:12    00:00:00:00:00:0b  [3[11,18,22], 5[5,6,7,11,13,15,18,19,22], 6[1,5,6,8,11,13,16,18,22], 7[1,2,3,5,6,7,11,13,15,18,19,22]]
   00:00:00:00:00:12    00:00:00:00:00:13  [3[18,19,22], 5[5,6,7,11,13,15,18,19,22], 6[1,5,6,8,13,16,18,19,22], 7[1,2,3,4,5,6,7,11,13,15,17,18,19,22]]
   00:00:00:00:00:12    00:00:00:00:00:06  [2[6,18], 4[6,7,18,22], 6[2,3,5,6,7,11,12,13,15,18,19,22], 7[2,5,6,7,8,11,13,14,15,18,22]]
   00:00:00:00:00:12    00:00:00:00:00:16  [2[18,22], 4[6,7,18,22], 6[2,3,5,6,7,11,12,13,15,18,19,22], 7[1,2,3,5,6,7,13,14,15,16,18,22]]
   00:00:00:00:00:12    00:00:00:00:00:09  [6[1,9,10,16,18,20,22], 7[1,3,5,6,7,9,10,11,13,18,20,22]]
   00:00:00:00:00:12    00:00:00:00:00:0c  [4[6,12,13,15,18,22], 6[2,3,5,6,7,11,12,13,15,18,22]]
   00:00:00:00:00:16    00:00:00:00:00:01  [3[1,16,22], 4[1,3,5,7,11,15,19,22], 6[1,2,3,5,6,7,11,13,15,22]]
   00:00:00:00:00:16    00:00:00:00:00:03  [3[3,7,22], 4[1,3,16,22], 5[1,2,3,5,6,7,11,12,13,15,18,19,22]]
   00:00:00:00:00:16    00:00:00:00:00:05  [3[5,7,11,15,19,22], 4[1,5,16,22], 5[1,2,3,4,5,6,7,12,13,15,17,18,19,22], 6[3,5,6,7,8,13,22]]
   00:00:00:00:00:16    00:00:00:00:00:0a  [4[1,10,16,22], 5[1,3,5,7,10,11,15,19,22], 6[1,4,5,7,9,10,11,15,16,17,19,20,21,22], 7[1,3,5,7,9,10,13,20,22]]
   00:00:00:00:00:16    00:00:00:00:00:10  [2[16,22], 5[1,3,5,7,11,15,16,19,22], 7[1,2,3,5,6,7,11,13,15,16,22]]
   00:00:00:00:00:16    00:00:00:00:00:14  [4[1,16,20,22], 5[1,3,5,7,11,15,19,20,22], 6[1,9,10,16,20,22], 7[1,2,3,5,6,7,9,10,11,13,15,20,22]]
   00:00:00:00:00:16    00:00:00:00:00:02  [3[2,7,15,22], 4[2,7,14,22], 5[2,5,6,7,11,15,18,19,22], 6[1,2,3,5,6,7,11,14,15,16,18,22]]
   00:00:00:00:00:16    00:00:00:00:00:07  [2[7,22], 4[2,5,6,7,11,15,18,19,22], 5[1,2,3,5,7,14,15,16,22], 6[1,2,3,5,6,7,11,13,15,22]]
   00:00:00:00:00:16    00:00:00:00:00:0e  [3[7,14,22], 4[2,7,14,15,22], 5[2,5,6,7,11,14,15,18,19,22], 6[1,2,3,5,6,7,11,14,15,16,18,19,22]]
   00:00:00:00:00:16    00:00:00:00:00:0f  [2[15,22], 4[2,5,7,11,15,19,22], 5[1,2,5,7,14,15,16,22], 6[1,2,3,5,6,7,11,12,13,15,18,22]]
   00:00:00:00:00:16    00:00:00:00:00:0d  [4[3,5,6,7,11,12,13,15,18,19,22], 5[1,3,5,7,8,11,13,15,16,19,22], 6[2,5,7,12,13,15,22]]
   00:00:00:00:00:16    00:00:00:00:00:04  [4[4,5,7,11,15,17,19,22], 5[1,4,5,16,22], 6[1,2,3,4,5,6,7,10,11,12,13,15,16,17,19,21,22]]
   00:00:00:00:00:16    00:00:00:00:00:11  [3[17,19,22], 5[4,5,7,11,15,17,19,22], 6[1,4,5,16,17,19,22], 7[1,2,3,4,5,6,7,13,15,17,19,22]]
   00:00:00:00:00:16    00:00:00:00:00:15  [5[1,4,5,7,10,11,15,16,17,19,21,22], 6[1,3,4,5,7,10,11,15,16,19,21,22], 7[1,3,4,5,6,7,13,17,19,21,22]]
   00:00:00:00:00:16    00:00:00:00:00:08  [4[5,7,8,11,15,19,22], 5[1,3,5,6,7,8,11,12,13,15,16,18,19,22], 6[1,2,3,5,7,8,13,15,22]]
   00:00:00:00:00:16    00:00:00:00:00:0b  [2[11,22], 4[5,7,11,15,19,22], 5[1,5,11,16,22], 6[1,2,3,4,5,6,7,11,12,13,15,17,18,19,22], 7[3,5,6,7,8,11,13,22]]
   00:00:00:00:00:16    00:00:00:00:00:13  [2[19,22], 4[5,7,11,15,19,22], 5[1,5,16,19,22], 6[1,2,3,4,5,6,7,11,12,13,15,17,18,19,22]]
   00:00:00:00:00:16    00:00:00:00:00:06  [3[6,7,18,22], 5[2,3,5,6,7,11,12,13,15,19,22], 6[2,5,6,7,8,11,13,14,15,22]]
   00:00:00:00:00:16    00:00:00:00:00:12  [2[18,22], 4[6,7,18,22], 6[2,3,5,6,7,11,12,13,15,18,19,22], 7[2,5,6,7,8,11,13,14,15,18,22]]
   00:00:00:00:00:16    00:00:00:00:00:09  [5[1,9,10,16,20,22], 6[1,3,5,7,9,10,11,15,19,20,22], 7[4,5,7,9,10,11,15,19,21,22]]
   00:00:00:00:00:16    00:00:00:00:00:0c  [3[12,15,22], 5[2,3,5,6,7,11,12,13,15,18,19,22], 6[2,5,7,8,11,12,13,14,15,22]]
   00:00:00:00:00:09    00:00:00:00:00:01  [3[1,9,10,20], 6[1,4,5,9,10,21], 8[1,3,4,5,7,9,10,13,17,19,21], 9[1,3,4,5,7,8,9,10,11,13,15,16,17,19,21,22], 10[1,2,3,4,5,6,7,9,10,11,13,15,21,22]]
   00:00:00:00:00:09    00:00:00:00:00:03  [4[1,3,9,10,20], 6[1,3,5,7,9,10,13,20], 7[1,3,4,5,7,8,9,10,13,16,20,21,22], 8[1,2,3,5,6,7,9,10,13,15]]
   00:00:00:00:00:09    00:00:00:00:00:05  [4[1,5,9,10,20], 5[4,5,9,10,21], 6[1,3,5,7,9,10,13,20], 7[1,3,4,5,7,8,9,10,11,13,15,16,17,19,20,21,22]]
   00:00:00:00:00:09    00:00:00:00:00:0a  [2[9,10], 4[1,9,10,20], 7[1,4,5,9,10,20,21], 9[1,3,4,5,7,9,10,13,17,19,20,21], 10[1,3,4,5,7,8,9,10,11,13,15,16,17,19,20,21,22], 11[1,2,3,4,5,6,7,9,10,11,13,15,17,19,20,21,22]]
   00:00:00:00:00:09    00:00:00:00:00:10  [4[1,9,10,16,20], 7[1,3,4,5,7,9,10,11,15,16,19,20,21,22], 8[4,5,7,9,10,11,15,16,21,22]]
   00:00:00:00:00:09    00:00:00:00:00:14  [2[9,20], 4[1,9,10,20], 7[1,4,5,9,10,20,21], 9[1,3,4,5,7,9,10,13,17,19,20,21], 10[1,3,4,5,7,8,9,10,11,13,15,16,17,19,20,21,22], 11[1,2,3,4,5,6,7,9,10,11,13,15,20,21,22]]
   00:00:00:00:00:09    00:00:00:00:00:02  [6[1,2,3,5,7,9,10,15,20], 7[1,2,3,4,5,7,9,10,14,15,16,20,21,22]]
   00:00:00:00:00:09    00:00:00:00:00:07  [5[1,3,5,7,9,10,20], 6[1,4,5,7,9,10,16,20,21,22], 7[1,2,3,5,6,7,9,10,11,13,15,19,20,22]]
   00:00:00:00:00:09    00:00:00:00:00:0e  [6[1,3,5,7,9,10,14,20], 7[1,2,3,4,5,7,9,10,14,15,16,20,21,22], 8[1,3,5,6,7,9,10,13,14]]
   00:00:00:00:00:09    00:00:00:00:00:0f  [5[1,5,9,10,15,20], 6[1,4,5,9,10,15,16,20,21,22], 7[1,2,3,5,7,9,10,11,12,13,15,19,20,22]]
   00:00:00:00:00:09    00:00:00:00:00:0d  [5[1,3,5,9,10,13,20], 6[1,4,5,8,9,10,13,20,21], 7[1,3,4,5,6,7,8,9,10,12,13,15,20,21]]
   00:00:00:00:00:09    00:00:00:00:00:04  [4[4,9,10,21], 5[1,4,5,9,10,20], 6[1,4,9,10,20,21], 7[1,3,4,5,7,9,10,13,17,19,20], 8[1,3,4,5,7,8,9,10,11,13,15,16,17,19,22]]
   00:00:00:00:00:09    00:00:00:00:00:11  [5[4,9,10,17,21], 6[1,4,5,9,10,17,19,20], 7[1,4,5,9,10,16,17,19,20,21,22], 8[1,3,4,5,7,9,10,11,13,17,19,22]]
   00:00:00:00:00:09    00:00:00:00:00:15  [3[9,10,21], 5[1,9,10,20,21], 6[1,4,5,9,10,20,21], 8[1,3,4,5,7,9,10,13,17,19,20,21], 9[1,3,4,5,7,8,9,10,11,13,15,16,17,19,21,22]]
   00:00:00:00:00:09    00:00:00:00:00:08  [5[1,5,8,9,10,20], 6[1,3,4,5,8,9,10,13,20,21], 7[1,3,4,5,7,8,9,10,13,20,21], 8[1,3,5,6,7,8,9,10,13]]
   00:00:00:00:00:09    00:00:00:00:00:0b  [5[1,5,9,10,11,20], 6[1,4,5,9,10,11,16,20,21,22], 7[1,3,5,7,9,10,11,13,15,19,20,22]]
   00:00:00:00:00:09    00:00:00:00:00:13  [5[1,5,9,10,19,20], 6[1,4,5,9,10,16,17,19,20,21,22], 7[1,3,4,5,7,9,10,11,13,15,17,19,20,22]]
   00:00:00:00:00:09    00:00:00:00:00:06  [6[1,3,5,6,7,9,10,13,20], 7[1,4,5,6,7,8,9,10,13,16,18,20,21,22]]
   00:00:00:00:00:09    00:00:00:00:00:12  [6[1,9,10,16,18,20,22], 7[1,3,5,6,7,9,10,11,13,15,18,19,20,22]]
   00:00:00:00:00:09    00:00:00:00:00:16  [5[1,9,10,16,20,22], 6[1,3,5,7,9,10,11,15,19,20,22], 7[4,5,7,9,10,11,15,19,21,22]]
   00:00:00:00:00:09    00:00:00:00:00:0c  [6[1,3,5,9,10,12,13,15,20], 7[1,4,5,8,9,10,12,13,15,16,20,21,22], 8[1,2,3,5,6,7,9,10,12,13,15]]
   00:00:00:00:00:0c    00:00:00:00:00:01  [4[1,3,5,12,13,15], 5[1,5,8,12,13,15,16,22], 6[1,2,3,5,6,7,11,12,13,15,22]]
   00:00:00:00:00:0c    00:00:00:00:00:03  [3[3,12,13], 5[1,2,3,5,6,7,12,13,15,22], 6[1,2,3,5,7,8,12,13,14,15,16,22], 7[2,3,5,7,11,12,13,15,22]]
   00:00:00:00:00:0c    00:00:00:00:00:05  [3[5,12,13,15], 4[5,8,12,13], 5[1,2,3,5,6,7,11,12,13,15,19,22], 6[1,2,5,7,12,14,15,16,22], 7[2,3,5,7,11,12,13,15,19,22]]
   00:00:00:00:00:0c    00:00:00:00:00:0a  [5[1,3,5,10,12,13,15], 6[1,4,5,8,10,12,13,15,16,21,22], 7[1,2,3,4,5,6,7,8,9,10,12,13,15,20,21]]
   00:00:00:00:00:0c    00:00:00:00:00:10  [4[12,15,16,22], 5[1,3,5,12,13,15,16], 6[1,2,3,5,6,7,8,11,12,13,15,16,18,19,22]]
   00:00:00:00:00:0c    00:00:00:00:00:14  [5[1,3,5,12,13,15,20], 6[1,5,8,12,13,15,16,20,22], 7[1,2,3,5,6,7,9,10,12,13,15,20]]
   00:00:00:00:00:0c    00:00:00:00:00:02  [3[2,12,15], 5[2,3,5,6,7,12,13,15,22], 6[2,3,5,6,7,8,12,13,14,15,22], 7[1,2,3,5,7,12,13,15]]
   00:00:00:00:00:0c    00:00:00:00:00:07  [4[2,3,5,6,7,12,13,15,22], 5[2,5,7,8,12,13,14,15], 6[1,2,3,5,6,7,11,12,13,15,18,19,22]]
   00:00:00:00:00:0c    00:00:00:00:00:0e  [4[2,12,14,15], 5[2,3,5,6,7,12,13,14,15,22], 6[2,3,5,6,7,8,12,13,14,15,22], 7[1,3,5,7,12,13,14]]
   00:00:00:00:00:0c    00:00:00:00:00:0f  [2[12,15], 4[5,12,13,15], 5[5,8,12,13,15], 6[1,2,3,5,6,7,11,12,13,15,18,19,22], 7[1,3,12,13,15,16,22]]
   00:00:00:00:00:0c    00:00:00:00:00:0d  [2[12,13], 4[5,12,13,15], 5[5,8,12,13,15], 6[1,2,3,5,6,7,11,12,13,15,18,19,22], 7[2,5,7,8,12,13,15]]
   00:00:00:00:00:0c    00:00:00:00:00:04  [4[4,5,12,13,15], 5[4,5,8,12,13], 6[1,2,3,4,5,6,7,11,12,13,15,17,19,22], 7[1,3,4,5,8,10,12,13,17,19,21]]
   00:00:00:00:00:0c    00:00:00:00:00:11  [5[4,5,12,13,15,17,19,22], 6[4,5,8,12,13,17,19], 7[1,3,4,5,6,7,11,12,13,15,17,19,22]]
   00:00:00:00:00:0c    00:00:00:00:00:15  [5[4,5,12,13,15,21], 6[1,3,4,5,8,10,12,13,15,21], 7[1,2,3,4,5,6,7,8,10,11,12,13,15,17,19,21,22]]
   00:00:00:00:00:0c    00:00:00:00:00:08  [3[8,12,13], 4[5,8,12,13,15], 5[5,8,12,13,15], 6[1,2,3,5,6,7,8,11,12,13,15,19,22], 7[1,2,3,5,6,7,8,12,13,14,15]]
   00:00:00:00:00:0c    00:00:00:00:00:0b  [4[5,11,12,13,15,22], 5[5,8,11,12,13], 6[1,2,3,5,6,7,11,12,13,15,18,19,22]]
   00:00:00:00:00:0c    00:00:00:00:00:13  [4[5,12,13,15,19,22], 5[5,8,12,13,19], 6[1,2,3,4,5,6,7,11,12,13,15,17,18,19,22]]
   00:00:00:00:00:0c    00:00:00:00:00:06  [3[6,12,13], 5[2,3,5,6,7,12,13,15,18,22], 6[2,5,6,7,8,12,13,14,15], 7[1,2,3,5,6,7,12,13,15,18,22]]
   00:00:00:00:00:0c    00:00:00:00:00:12  [4[6,12,13,15,18,22], 6[2,3,5,6,7,11,12,13,15,18,19,22]]
   00:00:00:00:00:0c    00:00:00:00:00:16  [3[12,15,22], 5[2,3,5,6,7,11,12,13,15,18,19,22], 6[1,3,5,7,8,11,12,13,16,22]]
   00:00:00:00:00:0c    00:00:00:00:00:09  [6[1,3,5,9,10,12,13,15,20], 7[1,4,5,8,9,10,12,13,15,16,20,21,22], 8[1,3,5,7,9,10,12,13,20]]
