# K-Shortest Paths Distribution
# Format: src_host dst_host  hop[switches] ...
# ==================================================================

   00:00:00:00:00:01    00:00:00:00:00:0b  [3[1,5,9], 5[1,2,5,6,9,10], 7[1,2,3,5,6,7,9,10,11,13,14], 9[1,2,3,4,5,6,7,8,9,10,11,12,13,14,15], 11[1,2,3,4,5,6,7,8,9,10,11,12,13,14,15,16], 13[1,2,3,4,5,6,7,8,9,10,11,12,13,14,15,16], 15[1,2,3,4,5,6,7,8,9,10,11,12,13,14,15,16]]
   00:00:00:00:00:01    00:00:00:00:00:0c  [2[1,5], 4[1,2,5,6], 6[1,2,3,5,6,7,9,10], 8[1,2,3,4,5,6,7,8,9,10,11,13,14], 10[1,2,3,4,5,6,7,8,9,10,11,12,13,14,15], 12[1,2,3,4,5,6,7,8,9,10,11,12,13,14,15,16], 14[1,2,3,4,5,6,7,8,9,10,11,12,13,14,15,16], 16[1,2,3,4,5,6,7,8,9,10,11,12,13,14,15,16]]
   00:00:00:00:00:01    00:00:00:00:00:02  [2[1,2], 4[1,2,5,6], 6[1,2,3,5,6,7,9,10], 8[1,2,3,4,5,6,7,8,9,10,11,13,14], 10[1,2,3,4,5,6,7,8,9,10,11,12,13,14,15], 12[1,2,3,4,5,6,7,8,9,10,11,12,13,14,15,16], 14[1,2,3,4,5,6,7,8,9,10,11,12,13,14,15,16], 16[1,2,3,4,5,6,7,8,9,10,11,12,13,14,15,16]]
   00:00:00:00:00:01    00:00:00:00:00:0a  [4[1,5,9,13], 6[1,2,5,6,9,10,13,14], 8[1,2,3,5,6,7,9,10,11,13,14,15], 10[1,2,3,4,5,6,7,8,9,10,11,12,13,14,15,16], 12[1,2,3,4,5,6,7,8,9,10,11,12,13,14,15,16], 14[1,2,3,4,5,6,7,8,9,10,11,12,13,14,15,16], 16[1,2,3,4,5,6,7,8,9,10,11,12,13,14,15,16]]
   00:00:00:00:00:01    00:00:00:00:00:05  [5[1,2,3,4,5,6,7,8], 7[1,2,3,4,5,6,7,8,9,10,11,12], 9[1,2,3,4,5,6,7,8,9,10,11,12,13,14,15,16], 11[1,2,3,4,5,6,7,8,9,10,11,12,13,14,15,16], 13[1,2,3,4,5,6,7,8,9,10,11,12,13,14,15,16], 15[1,2,3,4,5,6,7,8,9,10,11,12,13,14,15,16]]
   00:00:00:00:00:01    00:00:00:00:00:07  [7[1,2,3,4,5,6,7,8,9,10,11,12,13,14,15,16], 9[1,2,3,4,5,6,7,8,9,10,11,12,13,14,15,16], 11[1,2,3,4,5,6,7,8,9,10,11,12,13,14,15,16], 13[1,2,3,4,5,6,7,8,9,10,11,12,13,14,15,16], 15[1,2,3,4,5,6,7,8,9,10,11,12,13,14,15,16]]
   00:00:00:00:00:01    00:00:00:00:00:09  [5[1,2,5,6,9,10,13,14], 7[1,2,3,5,6,7,9,10,11,13,14,15], 9[1,2,3,4,5,6,7,8,9,10,11,12,13,14,15,16], 11[1,2,3,4,5,6,7,8,9,10,11,12,13,14,15,16], 13[1,2,3,4,5,6,7,8,9,10,11,12,13,14,15,16], 15[1,2,3,4,5,6,7,8,9,10,11,12,13,14,15,16]]
   00:00:00:00:00:01    00:00:00:00:00:06  [6[1,2,3,4,5,6,7,8,9,10,11,12], 8[1,2,3,4,5,6,7,8,9,10,11,12,13,14,15,16], 10[1,2,3,4,5,6,7,8,9,10,11,12,13,14,15,16], 12[1,2,3,4,5,6,7,8,9,10,11,12,13,14,15,16], 14[1,2,3,4,5,6,7,8,9,10,11,12,13,14,15,16], 16[1,2,3,4,5,6,7,8,9,10,11,12,13,14,15,16]]
   00:00:00:00:00:01    00:00:00:00:00:08  [6[1,2,3,5,6,7,9,10,11,13,14,15], 8[1,2,3,4,5,6,7,8,9,10,11,12,13,14,15,16], 10[1,2,3,4,5,6,7,8,9,10,11,12,13,14,15,16], 12[1,2,3,4,5,6,7,8,9,10,11,12,13,14,15,16], 14[1,2,3,4,5,6,7,8,9,10,11,12,13,14,15,16], 16[1,2,3,4,5,6,7,8,9,10,11,12,13,14,15,16]]
   00:00:00:00:00:01    00:00:00:00:00:04  [4[1,2,3,4], 6[1,2,3,4,5,6,7,8], 8[1,2,3,4,5,6,7,8,9,10,11,12], 10[1,2,3,4,5,6,7,8,9,10,11,12,13,14,15,16], 12[1,2,3,4,5,6,7,8,9,10,11,12,13,14,15,16], 14[1,2,3,4,5,6,7,8,9,10,11,12,13,14,15,16], 16[1,2,3,4,5,6,7,8,9,10,11,12,13,14,15,16]]
   00:00:00:00:00:01    00:00:00:00:00:03  [3[1,2,3], 5[1,2,3,5,6,7], 7[1,2,3,4,5,6,7,8,9,10,11], 9[1,2,3,4,5,6,7,8,9,10,11,12,13,14,15], 11[1,2,3,4,5,6,7,8,9,10,11,12,13,14,15,16], 13[1,2,3,4,5,6,7,8,9,10,11,12,13,14,15,16], 15[1,2,3,4,5,6,7,8,9,10,11,12,13,14,15,16]]
   00:00:00:00:00:0b    00:00:00:00:00:01  [3[1,5,9], 5[1,2,5,6,9,10], 7[1,2,3,5,6,7,9,10,11,13,14], 9[1,2,3,4,5,6,7,8,9,10,11,12,13,14,15], 11[1,2,3,4,5,6,7,8,9,10,11,12,13,14,15,16], 13[1,2,3,4,5,6,7,8,9,10,11,12,13,14,15,16], 15[1,2,3,4,5,6,7,8,9,10,11,12,13,14,15,16]]
   00:00:00:00:00:0b    00:00:00:00:00:0c  [2[5,9], 4[5,6,9,10], 6[1,2,5,6,7,9,10,11,13,14], 8[1,2,3,5,6,7,8,9,10,11,12,13,14,15], 10[1,2,3,4,5,6,7,8,9,10,11,12,13,14,15,16], 12[1,2,3,4,5,6,7,8,9,10,11,12,13,14,15,16], 14[1,2,3,4,5,6,7,8,9,10,11,12,13,14,15,16], 16[1,2,3,4,5,6,7,8,9,10,11,12,13,14,15,16]]
   00:00:00:00:00:0b    00:00:00:00:00:02  [4[1,2,5,6,9,10], 6[1,2,3,5,6,7,9,10,11,13,14], 8[1,2,3,4,5,6,7,8,9,10,11,12,13,14,15], 10[1,2,3,4,5,6,7,8,9,10,11,12,13,14,15,16], 12[1,2,3,4,5,6,7,8,9,10,11,12,13,14,15,16], 14[1,2,3,4,5,6,7,8,9,10,11,12,13,14,15,16], 16[1,2,3,4,5,6,7,8,9,10,11,12,13,14,15,16]]
   00:00:00:00:00:0b    00:00:00:00:00:0a  [2[9,13], 4[9,10,13,14], 6[5,6,9,10,11,13,14,15], 8[1,2,5,6,7,9,10,11,12,13,14,15,16], 10[1,2,3,5,6,7,8,9,10,11,12,13,14,15,16], 12[1,2,3,4,5,6,7,8,9,10,11,12,13,14,15,16], 14[1,2,3,4,5,6,7,8,9,10,11,12,13,14,15,16], 16[1,2,3,4,5,6,7,8,9,10,11,12,13,14,15,16]]
   00:00:00:00:00:0b    00:00:00:00:00:05  [5[5,6,7,8,9,10,11,12], 7[1,2,3,4,5,6,7,8,9,10,11,12,13,14,15,16], 9[1,2,3,4,5,6,7,8,9,10,11,12,13,14,15,16], 11[1,2,3,4,5,6,7,8,9,10,11,12,13,14,15,16], 13[1,2,3,4,5,6,7,8,9,10,11,12,13,14,15,16], 15[1,2,3,4,5,6,7,8,9,10,11,12,13,14,15,16]]
   00:00:00:00:00:0b    00:00:00:00:00:07  [5[9,10,11,12,13,14,15,16], 7[5,6,7,8,9,10,11,12,13,14,15,16], 9[1,2,3,4,5,6,7,8,9,10,11,12,13,14,15,16], 11[1,2,3,4,5,6,7,8,9,10,11,12,13,14,15,16], 13[1,2,3,4,5,6,7,8,9,10,11,12,13,14,15,16], 15[1,2,3,4,5,6,7,8,9,10,11,12,13,14,15,16]]
   00:00:00:00:00:0b    00:00:00:00:00:09  [3[9,10,13,14], 5[5,6,9,10,11,14,15], 7[1,2,5,6,7,9,10,11,12,14,15,16], 9[1,2,3,5,6,7,8,9,10,11,12,14,15,16], 11[1,2,3,4,5,6,7,8,9,10,11,12,14,15,16], 13[1,2,3,4,5,6,7,8,9,10,11,12,14,15,16], 15[1,2,3,4,5,6,7,8,9,10,11,12,14,15,16]]
   00:00:00:00:00:0b    00:00:00:00:00:06  [4[9,10,11,12], 6[5,6,7,8,9,10,11,12,13,14,15,16], 8[1,2,3,4,5,6,7,8,9,10,11,12,13,14,15,16], 10[1,2,3,4,5,6,7,8,9,10,11,12,13,14,15,16], 12[1,2,3,4,5,6,7,8,9,10,11,12,13,14,15,16], 14[1,2,3,4,5,6,7,8,9,10,11,12,13,14,15,16], 16[1,2,3,4,5,6,7,8,9,10,11,12,13,14,15,16]]
   00:00:00:00:00:0b    00:00:00:00:00:08  [4[9,10,11,13,14,15], 6[5,6,7,9,10,11,12,13,14,15,16], 8[1,2,3,5,6,7,8,9,10,11,12,13,14,15,16], 10[1,2,3,4,5,6,7,8,9,10,11,12,13,14,15,16], 12[1,2,3,4,5,6,7,8,9,10,11,12,13,14,15,16], 14[1,2,3,4,5,6,7,8,9,10,11,12,13,14,15,16], 16[1,2,3,4,5,6,7,8,9,10,11,12,13,14,15,16]]
   00:00:00:00:00:0b    00:00:00:00:00:04  [6[1,2,3,4,5,6,7,8,9,10,11,12], 8[1,2,3,4,5,6,7,8,9,10,11,12,13,14,15,16], 10[1,2,3,4,5,6,7,8,9,10,11,12,13,14,15,16], 12[1,2,3,4,5,6,7,8,9,10,11,12,13,14,15,16], 14[1,2,3,4,5,6,7,8,9,10,11,12,13,14,15,16], 16[1,2,3,4,5,6,7,8,9,10,11,12,13,14,15,16]]
   00:00:00:00:00:0b    00:00:00:00:00:03  [5[1,2,3,5,6,7,9,10,11], 7[1,2,3,4,5,6,7,8,9,10,11,12,13,14,15], 9[1,2,3,4,5,6,7,8,9,10,11,12,13,14,15,16], 11[1,2,3,4,5,6,7,8,9,10,11,12,13,14,15,16], 13[1,2,3,4,5,6,7,8,9,10,11,12,13,14,15,16], 15[1,2,3,4,5,6,7,8,9,10,11,12,13,14,15,16]]
   00:00:00:00:00:0c    00:00:00:00:00:01  [2[1,5], 4[1,2,5,6], 6[1,2,3,5,6,7,9,10], 8[1,2,3,4,5,6,7,8,9,10,11,13,14], 10[1,2,3,4,5,6,7,8,9,10,11,12,13,14,15], 12[1,2,3,4,5,6,7,8,9,10,11,12,13,14,15,16], 14[1,2,3,4,5,6,7,8,9,10,11,12,13,14,15,16], 16[1,2,3,4,5,6,7,8,9,10,11,12,13,14,15,16]]
   00:00:00:00:00:0c    00:00:00:00:00:0b  [2[5,9], 4[5,6,9,10], 6[1,2,5,6,7,9,10,11,13,14], 8[1,2,3,5,6,7,8,9,10,11,12,13,14,15], 10[1,2,3,4,5,6,7,8,9,10,11,12,13,14,15,16], 12[1,2,3,4,5,6,7,8,9,10,11,12,13,14,15,16], 14[1,2,3,4,5,6,7,8,9,10,11,12,13,14,15,16], 16[1,2,3,4,5,6,7,8,9,10,11,12,13,14,15,16]]
   00:00:00:00:00:0c    00:00:00:00:00:02  [3[1,2,5,6], 5[2,3,5,6,7,9,10], 7[2,3,4,5,6,7,8,9,10,11,13,14], 9[2,3,4,5,6,7,8,9,10,11,12,13,14,15], 11[2,3,4,5,6,7,8,9,10,11,12,13,14,15,16], 13[2,3,4,5,6,7,8,9,10,11,12,13,14,15,16], 15[2,3,4,5,6,7,8,9,10,11,12,13,14,15,16]]
   00:00:00:00:00:0c    00:00:00:00:00:0a  [3[5,9,13], 5[5,6,9,10,13,14], 7[1,2,5,6,7,9,10,11,13,14,15], 9[1,2,3,5,6,7,8,9,10,11,12,13,14,15,16], 11[1,2,3,4,5,6,7,8,9,10,11,12,13,14,15,16], 13[1,2,3,4,5,6,7,8,9,10,11,12,13,14,15,16], 15[1,2,3,4,5,6,7,8,9,10,11,12,13,14,15,16]]
   00:00:00:00:00:0c    00:00:00:00:00:05  [4[5,6,7,8], 6[1,2,3,4,5,6,7,8,9,10,11,12], 8[1,2,3,4,5,6,7,8,9,10,11,12,13,14,15,16], 10[1,2,3,4,5,6,7,8,9,10,11,12,13,14,15,16], 12[1,2,3,4,5,6,7,8,9,10,11,12,13,14,15,16], 14[1,2,3,4,5,6,7,8,9,10,11,12,13,14,15,16], 16[1,2,3,4,5,6,7,8,9,10,11,12,13,14,15,16]]
   00:00:00:00:00:0c    00:00:00:00:00:07  [6[5,6,7,8,9,10,11,12,13,14,15,16], 8[1,2,3,4,5,6,7,8,9,10,11,12,13,14,15,16], 10[1,2,3,4,5,6,7,8,9,10,11,12,13,14,15,16], 12[1,2,3,4,5,6,7,8,9,10,11,12,13,14,15,16], 14[1,2,3,4,5,6,7,8,9,10,11,12,13,14,15,16], 16[1,2,3,4,5,6,7,8,9,10,11,12,13,14,15,16]]
   00:00:00:00:00:0c    00:00:00:00:00:09  [4[5,6,9,10,13,14], 6[1,2,5,6,7,9,10,11,13,14,15], 8[1,2,3,5,6,7,8,9,10,11,12,13,14,15,16], 10[1,2,3,4,5,6,7,8,9,10,11,12,13,14,15,16], 12[1,2,3,4,5,6,7,8,9,10,11,12,13,14,15,16], 14[1,2,3,4,5,6,7,8,9,10,11,12,13,14,15,16], 16[1,2,3,4,5,6,7,8,9,10,11,12,13,14,15,16]]
   00:00:00:00:00:0c    00:00:00:00:00:06  [5[5,6,7,8,9,10,11,12], 7[1,2,3,4,5,6,7,8,9,10,11,12,13,14,15,16], 9[1,2,3,4,5,6,7,8,9,10,11,12,13,14,15,16], 11[1,2,3,4,5,6,7,8,9,10,11,12,13,14,15,16], 13[1,2,3,4,5,6,7,8,9,10,11,12,13,14,15,16], 15[1,2,3,4,5,6,7,8,9,10,11,12,13,14,15,16]]
   00:00:00:00:00:0c    00:00:00:00:00:08  [5[5,6,7,9,10,11,13,14,15], 7[1,2,3,5,6,7,8,9,10,11,12,13,14,15,16], 9[1,2,3,4,5,6,7,8,9,10,11,12,13,14,15,16], 11[1,2,3,4,5,6,7,8,9,10,11,12,13,14,15,16], 13[1,2,3,4,5,6,7,8,9,10,11,12,13,14,15,16], 15[1,2,3,4,5,6,7,8,9,10,11,12,13,14,15,16]]
   00:00:00:00:00:0c    00:00:00:00:00:04  [5[1,2,3,4,5,6,7,8], 7[1,2,3,4,5,6,7,8,9,10,11,12], 9[1,2,3,4,5,6,7,8,9,10,11,12,13,14,15,16], 11[1,2,3,4,5,6,7,8,9,10,11,12,13,14,15,16], 13[1,2,3,4,5,6,7,8,9,10,11,12,13,14,15,16], 15[1,2,3,4,5,6,7,8,9,10,11,12,13,14,15,16]]
   00:00:00:00:00:0c    00:00:00:00:00:03  [4[1,2,3,5,6,7], 6[1,2,3,4,5,6,7,8,9,10,11], 8[1,2,3,4,5,6,7,8,9,10,11,12,13,14,15], 10[1,2,3,4,5,6,7,8,9,10,11,12,13,14,15,16], 12[1,2,3,4,5,6,7,8,9,10,11,12,13,14,15,16], 14[1,2,3,4,5,6,7,8,9,10,11,12,13,14,15,16], 16[1,2,3,4,5,6,7,8,9,10,11,12,13,14,15,16]]
   00:00:00:00:00:02    00:00:00:00:00:01  [2[1,2], 4[1,2,5,6], 6[1,2,3,5,6,7,9,10], 8[1,2,3,4,5,6,7,8,9,10,11,13,14], 10[1,2,3,4,5,6,7,8,9,10,11,12,13,14,15], 12[1,2,3,4,5,6,7,8,9,10,11,12,13,14,15,16], 14[1,2,3,4,5,6,7,8,9,10,11,12,13,14,15,16], 16[1,2,3,4,5,6,7,8,9,10,11,12,13,14,15,16]]
   00:00:00:00:00:02    00:00:00:00:00:0b  [4[1,2,5,6,9,10], 6[1,2,3,5,6,7,9,10,11,13,14], 8[1,2,3,4,5,6,7,8,9,10,11,12,13,14,15], 10[1,2,3,4,5,6,7,8,9,10,11,12,13,14,15,16], 12[1,2,3,4,5,6,7,8,9,10,11,12,13,14,15,16], 14[1,2,3,4,5,6,7,8,9,10,11,12,13,14,15,16], 16[1,2,3,4,5,6,7,8,9,10,11,12,13,14,15,16]]
   00:00:00:00:00:02    00:00:00:00:00:0c  [3[1,2,5,6], 5[2,3,5,6,7,9,10], 7[2,3,4,5,6,7,8,9,10,11,13,14], 9[2,3,4,5,6,7,8,9,10,11,12,13,14,15], 11[2,3,4,5,6,7,8,9,10,11,12,13,14,15,16], 13[2,3,4,5,6,7,8,9,10,11,12,13,14,15,16], 15[2,3,4,5,6,7,8,9,10,11,12,13,14,15,16]]
   00:00:00:00:00:02    00:00:00:00:00:0a  [5[1,2,5,6,9,10,13,14], 7[1,2,3,5,6,7,9,10,11,13,14,15], 9[1,2,3,4,5,6,7,8,9,10,11,12,13,14,15,16], 11[1,2,3,4,5,6,7,8,9,10,11,12,13,14,15,16], 13[1,2,3,4,5,6,7,8,9,10,11,12,13,14,15,16], 15[1,2,3,4,5,6,7,8,9,10,11,12,13,14,15,16]]
   00:00:00:00:00:02    00:00:00:00:00:05  [4[2,3,4,6,7,8], 6[1,2,3,4,5,6,7,8,10,11,12], 8[1,2,3,4,5,6,7,8,9,10,11,12,14,15,16], 10[1,2,3,4,5,6,7,8,9,10,11,12,13,14,15,16], 12[1,2,3,4,5,6,7,8,9,10,11,12,13,14,15,16], 14[1,2,3,4,5,6,7,8,9,10,11,12,13,14,15,16], 16[1,2,3,4,5,6,7,8,9,10,11,12,13,14,15,16]]
   00:00:00:00:00:02    00:00:00:00:00:07  [6[2,3,4,6,7,8,10,11,12,14,15,16], 8[1,2,3,4,5,6,7,8,9,10,11,12,13,14,15,16], 10[1,2,3,4,5,6,7,8,9,10,11,12,13,14,15,16], 12[1,2,3,4,5,6,7,8,9,10,11,12,13,14,15,16], 14[1,2,3,4,5,6,7,8,9,10,11,12,13,14,15,16], 16[1,2,3,4,5,6,7,8,9,10,11,12,13,14,15,16]]
   00:00:00:00:00:02    00:00:00:00:00:09  [4[2,6,10,14], 6[1,2,3,5,6,7,9,10,11,13,14,15], 8[1,2,3,4,5,6,7,8,9,10,11,12,13,14,15,16], 10[1,2,3,4,5,6,7,8,9,10,11,12,13,14,15,16], 12[1,2,3,4,5,6,7,8,9,10,11,12,13,14,15,16], 14[1,2,3,4,5,6,7,8,9,10,11,12,13,14,15,16], 16[1,2,3,4,5,6,7,8,9,10,11,12,13,14,15,16]]
   00:00:00:00:00:02    00:00:00:00:00:06  [5[2,3,4,6,7,8,10,11,12], 7[1,2,3,4,5,6,7,8,9,10,11,12,14,15,16], 9[1,2,3,4,5,6,7,8,9,10,11,12,13,14,15,16], 11[1,2,3,4,5,6,7,8,9,10,11,12,13,14,15,16], 13[1,2,3,4,5,6,7,8,9,10,11,12,13,14,15,16], 15[1,2,3,4,5,6,7,8,9,10,11,12,13,14,15,16]]
   00:00:00:00:00:02    00:00:00:00:00:08  [5[2,3,6,7,10,11,14,15], 7[1,2,3,4,5,6,7,8,9,10,11,12,13,14,15,16], 9[1,2,3,4,5,6,7,8,9,10,11,12,13,14,15,16], 11[1,2,3,4,5,6,7,8,9,10,11,12,13,14,15,16], 13[1,2,3,4,5,6,7,8,9,10,11,12,13,14,15,16], 15[1,2,3,4,5,6,7,8,9,10,11,12,13,14,15,16]]
   00:00:00:00:00:02    00:00:00:00:00:04  [3[2,3,4], 5[2,3,4,6,7,8], 7[1,2,3,4,5,6,7,8,10,11,12], 9[1,2,3,4,5,6,7,8,9,10,11,12,14,15,16], 11[1,2,3,4,5,6,7,8,9,10,11,12,13,14,15,16], 13[1,2,3,4,5,6,7,8,9,10,11,12,13,14,15,16], 15[1,2,3,4,5,6,7,8,9,10,11,12,13,14,15,16]]
   00:00:00:00:00:02    00:00:00:00:00:03  [2[2,3], 4[2,3,6,7], 6[1,2,3,4,5,6,7,8,10,11], 8[1,2,3,4,5,6,7,8,9,10,11,12,14,15], 10[1,2,3,4,5,6,7,8,9,10,11,12,13,14,15,16], 12[1,2,3,4,5,6,7,8,9,10,11,12,13,14,15,16], 14[1,2,3,4,5,6,7,8,9,10,11,12,13,14,15,16], 16[1,2,3,4,5,6,7,8,9,10,11,12,13,14,15,16]]
   00:00:00:00:00:0a    00:00:00:00:00:01  [4[1,5,9,13], 6[1,2,5,6,9,10,13,14], 8[1,2,3,5,6,7,9,10,11,13,14,15], 10[1,2,3,4,5,6,7,8,9,10,11,12,13,14,15,16], 12[1,2,3,4,5,6,7,8,9,10,11,12,13,14,15,16], 14[1,2,3,4,5,6,7,8,9,10,11,12,13,14,15,16], 16[1,2,3,4,5,6,7,8,9,10,11,12,13,14,15,16]]
   00:00:00:00:00:0a    00:00:00:00:00:0b  [2[9,13], 4[9,10,13,14], 6[5,6,9,10,11,13,14,15], 8[1,2,5,6,7,9,10,11,12,13,14,15,16], 10[1,2,3,5,6,7,8,9,10,11,12,13,14,15,16], 12[1,2,3,4,5,6,7,8,9,10,11,12,13,14,15,16], 14[1,2,3,4,5,6,7,8,9,10,11,12,13,14,15,16], 16[1,2,3,4,5,6,7,8,9,10,11,12,13,14,15,16]]
   00:00:00:00:00:0a    00:00:00:00:00:0c  [3[5,9,13], 5[5,6,9,10,13,14], 7[1,2,5,6,7,9,10,11,13,14,15], 9[1,2,3,5,6,7,8,9,10,11,12,13,14,15,16], 11[1,2,3,4,5,6,7,8,9,10,11,12,13,14,15,16], 13[1,2,3,4,5,6,7,8,9,10,11,12,13,14,15,16], 15[1,2,3,4,5,6,7,8,9,10,11,12,13,14,15,16]]
   00:00:00:00:00:0a    00:00:00:00:00:02  [5[1,2,5,6,9,10,13,14], 7[1,2,3,5,6,7,9,10,11,13,14,15], 9[1,2,3,4,5,6,7,8,9,10,11,12,13,14,15,16], 11[1,2,3,4,5,6,7,8,9,10,11,12,13,14,15,16], 13[1,2,3,4,5,6,7,8,9,10,11,12,13,14,15,16], 15[1,2,3,4,5,6,7,8,9,10,11,12,13,14,15,16]]
   00:00:00:00:00:0a    00:00:00:00:00:05  [6[5,6,7,8,9,10,11,12,13,14,15,16], 8[1,2,3,4,5,6,7,8,9,10,11,12,13,14,15,16], 10[1,2,3,4,5,6,7,8,9,10,11,12,13,14,15,16], 12[1,2,3,4,5,6,7,8,9,10,11,12,13,14,15,16], 14[1,2,3,4,5,6,7,8,9,10,11,12,13,14,15,16], 16[1,2,3,4,5,6,7,8,9,10,11,12,13,14,15,16]]
   00:00:00:00:00:0a    00:00:00:00:00:07  [4[13,14,15,16], 6[9,10,11,12,13,14,15,16], 8[5,6,7,8,9,10,11,12,13,14,15,16], 10[1,2,3,4,5,6,7,8,9,10,11,12,13,14,15,16], 12[1,2,3,4,5,6,7,8,9,10,11,12,13,14,15,16], 14[1,2,3,4,5,6,7,8,9,10,11,12,13,14,15,16], 16[1,2,3,4,5,6,7,8,9,10,11,12,13,14,15,16]]
   00:00:00:00:00:0a    00:00:00:00:00:09  [2[13,14], 4[9,10,13,14], 6[5,6,9,10,11,13,14,15], 8[1,2,5,6,7,9,10,11,12,13,14,15,16], 10[1,2,3,5,6,7,8,9,10,11,12,13,14,15,16], 12[1,2,3,4,5,6,7,8,9,10,11,12,13,14,15,16], 14[1,2,3,4,5,6,7,8,9,10,11,12,13,14,15,16], 16[1,2,3,4,5,6,7,8,9,10,11,12,13,14,15,16]]
   00:00:00:00:00:0a    00:00:00:00:00:06  [5[9,10,11,12,13,14,15,16], 7[5,6,7,8,9,10,11,12,13,14,15,16], 9[1,2,3,4,5,6,7,8,9,10,11,12,13,14,15,16], 11[1,2,3,4,5,6,7,8,9,10,11,12,13,14,15,16], 13[1,2,3,4,5,6,7,8,9,10,11,12,13,14,15,16], 15[1,2,3,4,5,6,7,8,9,10,11,12,13,14,15,16]]
   00:00:00:00:00:0a    00:00:00:00:00:08  [3[13,14,15], 5[9,10,11,13,14,15], 7[5,6,7,9,10,11,12,13,14,15,16], 9[1,2,3,5,6,7,8,9,10,11,12,13,14,15,16], 11[1,2,3,4,5,6,7,8,9,10,11,12,13,14,15,16], 13[1,2,3,4,5,6,7,8,9,10,11,12,13,14,15,16], 15[1,2,3,4,5,6,7,8,9,10,11,12,13,14,15,16]]
   00:00:00:00:00:0a    00:00:00:00:00:04  [7[1,2,3,4,5,6,7,8,9,10,11,12,13,14,15,16], 9[1,2,3,4,5,6,7,8,9,10,11,12,13,14,15,16], 11[1,2,3,4,5,6,7,8,9,10,11,12,13,14,15,16], 13[1,2,3,4,5,6,7,8,9,10,11,12,13,14,15,16], 15[1,2,3,4,5,6,7,8,9,10,11,12,13,14,15,16]]
   00:00:00:00:00:0a    00:00:00:00:00:03  [6[1,2,3,5,6,7,9,10,11,13,14,15], 8[1,2,3,4,5,6,7,8,9,10,11,12,13,14,15,16], 10[1,2,3,4,5,6,7,8,9,10,11,12,13,14,15,16], 12[1,2,3,4,5,6,7,8,9,10,11,12,13,14,15,16], 14[1,2,3,4,5,6,7,8,9,10,11,12,13,14,15,16], 16[1,2,3,4,5,6,7,8,9,10,11,12,13,14,15,16]]
   00:00:00:00:00:05    00:00:00:00:00:01  [5[1,2,3,4,5,6,7,8], 7[1,2,3,4,5,6,7,8,9,10,11,12], 9[1,2,3,4,5,6,7,8,9,10,11,12,13,14,15,16], 11[1,2,3,4,5,6,7,8,9,10,11,12,13,14,15,16], 13[1,2,3,4,5,6,7,8,9,10,11,12,13,14,15,16], 15[1,2,3,4,5,6,7,8,9,10,11,12,13,14,15,16]]
   00:00:00:00:00:05    00:00:00:00:00:0b  [5[5,6,7,8,9,10,11,12], 7[1,2,3,4,5,6,7,8,9,10,11,12,13,14,15,16], 9[1,2,3,4,5,6,7,8,9,10,11,12,13,14,15,16], 11[1,2,3,4,5,6,7,8,9,10,11,12,13,14,15,16], 13[1,2,3,4,5,6,7,8,9,10,11,12,13,14,15,16], 15[1,2,3,4,5,6,7,8,9,10,11,12,13,14,15,16]]
   00:00:00:00:00:05    00:00:00:00:00:0c  [4[5,6,7,8], 6[1,2,3,4,5,6,7,8,9,10,11,12], 8[1,2,3,4,5,6,7,8,9,10,11,12,13,14,15,16], 10[1,2,3,4,5,6,7,8,9,10,11,12,13,14,15,16], 12[1,2,3,4,5,6,7,8,9,10,11,12,13,14,15,16], 14[1,2,3,4,5,6,7,8,9,10,11,12,13,14,15,16], 16[1,2,3,4,5,6,7,8,9,10,11,12,13,14,15,16]]
   00:00:00:00:00:05    00:00:00:00:00:02  [4[2,3,4,6,7,8], 6[1,2,3,4,5,6,7,8,10,11,12], 8[1,2,3,4,5,6,7,8,9,10,11,12,14,15,16], 10[1,2,3,4,5,6,7,8,9,10,11,12,13,14,15,16], 12[1,2,3,4,5,6,7,8,9,10,11,12,13,14,15,16], 14[1,2,3,4,5,6,7,8,9,10,11,12,13,14,15,16], 16[1,2,3,4,5,6,7,8,9,10,11,12,13,14,15,16]]
   00:00:00:00:00:05    00:00:00:00:00:0a  [6[5,6,7,8,9,10,11,12,13,14,15,16], 8[1,2,3,4,5,6,7,8,9,10,11,12,13,14,15,16], 10[1,2,3,4,5,6,7,8,9,10,11,12,13,14,15,16], 12[1,2,3,4,5,6,7,8,9,10,11,12,13,14,15,16], 14[1,2,3,4,5,6,7,8,9,10,11,12,13,14,15,16], 16[1,2,3,4,5,6,7,8,9,10,11,12,13,14,15,16]]
   00:00:00:00:00:05    00:00:00:00:00:07  [3[8,12,16], 5[7,8,11,12,15,16], 7[3,4,6,7,8,10,11,12,14,15,16], 9[2,3,4,5,6,7,8,9,10,11,12,13,14,15,16], 11[1,2,3,4,5,6,7,8,9,10,11,12,13,14,15,16], 13[1,2,3,4,5,6,7,8,9,10,11,12,13,14,15,16], 15[1,2,3,4,5,6,7,8,9,10,11,12,13,14,15,16]]
   00:00:00:00:00:05    00:00:00:00:00:09  [5[6,7,8,10,11,12,14,15,16], 7[2,3,4,5,6,7,8,9,10,11,12,13,14,15,16], 9[1,2,3,4,5,6,7,8,9,10,11,12,13,14,15,16], 11[1,2,3,4,5,6,7,8,9,10,11,12,13,14,15,16], 13[1,2,3,4,5,6,7,8,9,10,11,12,13,14,15,16], 15[1,2,3,4,5,6,7,8,9,10,11,12,13,14,15,16]]
   00:00:00:00:00:05    00:00:00:00:00:06  [2[8,12], 4[7,8,11,12], 6[3,4,6,7,8,10,11,12,15,16], 8[2,3,4,5,6,7,8,9,10,11,12,14,15,16], 10[1,2,3,4,5,6,7,8,9,10,11,12,13,14,15,16], 12[1,2,3,4,5,6,7,8,9,10,11,12,13,14,15,16], 14[1,2,3,4,5,6,7,8,9,10,11,12,13,14,15,16], 16[1,2,3,4,5,6,7,8,9,10,11,12,13,14,15,16]]
   00:00:00:00:00:05    00:00:00:00:00:08  [4[7,8,11,12,15,16], 6[3,4,6,7,8,10,11,12,14,15,16], 8[2,3,4,5,6,7,8,9,10,11,12,13,14,15,16], 10[1,2,3,4,5,6,7,8,9,10,11,12,13,14,15,16], 12[1,2,3,4,5,6,7,8,9,10,11,12,13,14,15,16], 14[1,2,3,4,5,6,7,8,9,10,11,12,13,14,15,16], 16[1,2,3,4,5,6,7,8,9,10,11,12,13,14,15,16]]
   00:00:00:00:00:05    00:00:00:00:00:04  [2[4,8], 4[3,4,7,8], 6[2,3,4,6,7,8,11,12], 8[1,2,3,4,5,6,7,8,10,11,12,15,16], 10[1,2,3,4,5,6,7,8,9,10,11,12,14,15,16], 12[1,2,3,4,5,6,7,8,9,10,11,12,13,14,15,16], 14[1,2,3,4,5,6,7,8,9,10,11,12,13,14,15,16], 16[1,2,3,4,5,6,7,8,9,10,11,12,13,14,15,16]]
   00:00:00:00:00:05    00:00:00:00:00:03  [3[3,4,7,8], 5[2,3,6,7,8,11,12], 7[1,2,3,5,6,7,8,10,11,12,15,16], 9[1,2,3,5,6,7,8,9,10,11,12,14,15,16], 11[1,2,3,5,6,7,8,9,10,11,12,13,14,15,16], 13[1,2,3,5,6,7,8,9,10,11,12,13,14,15,16], 15[1,2,3,5,6,7,8,9,10,11,12,13,14,15,16]]
   00:00:00:00:00:07    00:00:00:00:00:01  [7[1,2,3,4,5,6,7,8,9,10,11,12,13,14,15,16], 9[1,2,3,4,5,6,7,8,9,10,11,12,13,14,15,16], 11[1,2,3,4,5,6,7,8,9,10,11,12,13,14,15,16], 13[1,2,3,4,5,6,7,8,9,10,11,12,13,14,15,16], 15[1,2,3,4,5,6,7,8,9,10,11,12,13,14,15,16]]
   00:00:00:00:00:07    00:00:00:00:00:0b  [5[9,10,11,12,13,14,15,16], 7[5,6,7,8,9,10,11,12,13,14,15,16], 9[1,2,3,4,5,6,7,8,9,10,11,12,13,14,15,16], 11[1,2,3,4,5,6,7,8,9,10,11,12,13,14,15,16], 13[1,2,3,4,5,6,7,8,9,10,11,12,13,14,15,16], 15[1,2,3,4,5,6,7,8,9,10,11,12,13,14,15,16]]
   00:00:00:00:00:07    00:00:00:00:00:0c  [6[5,6,7,8,9,10,11,12,13,14,15,16], 8[1,2,3,4,5,6,7,8,9,10,11,12,13,14,15,16], 10[1,2,3,4,5,6,7,8,9,10,11,12,13,14,15,16], 12[1,2,3,4,5,6,7,8,9,10,11,12,13,14,15,16], 14[1,2,3,4,5,6,7,8,9,10,11,12,13,14,15,16], 16[1,2,3,4,5,6,7,8,9,10,11,12,13,14,15,16]]
   00:00:00:00:00:07    00:00:00:00:00:02  [6[2,3,4,6,7,8,10,11,12,14,15,16], 8[1,2,3,4,5,6,7,8,9,10,11,12,13,14,15,16], 10[1,2,3,4,5,6,7,8,9,10,11,12,13,14,15,16], 12[1,2,3,4,5,6,7,8,9,10,11,12,13,14,15,16], 14[1,2,3,4,5,6,7,8,9,10,11,12,13,14,15,16], 16[1,2,3,4,5,6,7,8,9,10,11,12,13,14,15,16]]
   00:00:00:00:00:07    00:00:00:00:00:0a  [4[13,14,15,16], 6[9,10,11,12,13,14,15,16], 8[5,6,7,8,9,10,11,12,13,14,15,16], 10[1,2,3,4,5,6,7,8,9,10,11,12,13,14,15,16], 12[1,2,3,4,5,6,7,8,9,10,11,12,13,14,15,16], 14[1,2,3,4,5,6,7,8,9,10,11,12,13,14,15,16], 16[1,2,3,4,5,6,7,8,9,10,11,12,13,14,15,16]]
   00:00:00:00:00:07    00:00:00:00:00:05  [3[8,12,16], 5[7,8,11,12,15,16], 7[3,4,6,7,8,10,11,12,14,15,16], 9[2,3,4,5,6,7,8,9,10,11,12,13,14,15,16], 11[1,2,3,4,5,6,7,8,9,10,11,12,13,14,15,16], 13[1,2,3,4,5,6,7,8,9,10,11,12,13,14,15,16], 15[1,2,3,4,5,6,7,8,9,10,11,12,13,14,15,16]]
   00:00:00:00:00:07    00:00:00:00:00:09  [3[14,15,16], 5[10,11,12,14,15,16], 7[6,7,8,9,10,11,12,13,14,15,16], 9[2,3,4,5,6,7,8,9,10,11,12,13,14,15,16], 11[1,2,3,4,5,6,7,8,9,10,11,12,13,14,15,16], 13[1,2,3,4,5,6,7,8,9,10,11,12,13,14,15,16], 15[1,2,3,4,5,6,7,8,9,10,11,12,13,14,15,16]]
   00:00:00:00:00:07    00:00:00:00:00:06  [2[12,16], 4[11,12,15,16], 6[7,8,10,11,12,14,15,16], 8[3,4,6,7,8,9,10,11,12,13,14,15,16], 10[2,3,4,5,6,7,8,9,10,11,12,13,14,15,16], 12[1,2,3,4,5,6,7,8,9,10,11,12,13,14,15,16], 14[1,2,3,4,5,6,7,8,9,10,11,12,13,14,15,16], 16[1,2,3,4,5,6,7,8,9,10,11,12,13,14,15,16]]
   00:00:00:00:00:07    00:00:00:00:00:08  [2[15,16], 4[11,12,15,16], 6[7,8,10,11,12,14,15,16], 8[3,4,6,7,8,9,10,11,12,13,14,15,16], 10[2,3,4,5,6,7,8,9,10,11,12,13,14,15,16], 12[1,2,3,4,5,6,7,8,9,10,11,12,13,14,15,16], 14[1,2,3,4,5,6,7,8,9,10,11,12,13,14,15,16], 16[1,2,3,4,5,6,7,8,9,10,11,12,13,14,15,16]]
   00:00:00:00:00:07    00:00:00:00:00:04  [4[4,8,12,16], 6[3,4,7,8,11,12,15,16], 8[2,3,4,6,7,8,10,11,12,14,15,16], 10[1,2,3,4,5,6,7,8,9,10,11,12,13,14,15,16], 12[1,2,3,4,5,6,7,8,9,10,11,12,13,14,15,16], 14[1,2,3,4,5,6,7,8,9,10,11,12,13,14,15,16], 16[1,2,3,4,5,6,7,8,9,10,11,12,13,14,15,16]]
   00:00:00:00:00:07    00:00:00:00:00:03  [5[3,4,7,8,11,12,15,16], 7[2,3,4,6,7,8,10,11,12,14,15,16], 9[1,2,3,4,5,6,7,8,9,10,11,12,13,14,15,16], 11[1,2,3,4,5,6,7,8,9,10,11,12,13,14,15,16], 13[1,2,3,4,5,6,7,8,9,10,11,12,13,14,15,16], 15[1,2,3,4,5,6,7,8,9,10,11,12,13,14,15,16]]
   00:00:00:00:00:09    00:00:00:00:00:01  [5[1,2,5,6,9,10,13,14], 7[1,2,3,5,6,7,9,10,11,13,14,15], 9[1,2,3,4,5,6,7,8,9,10,11,12,13,14,15,16], 11[1,2,3,4,5,6,7,8,9,10,11,12,13,14,15,16], 13[1,2,3,4,5,6,7,8,9,10,11,12,13,14,15,16], 15[1,2,3,4,5,6,7,8,9,10,11,12,13,14,15,16]]
   00:00:00:00:00:09    00:00:00:00:00:0b  [3[9,10,13,14], 5[5,6,9,10,11,14,15], 7[1,2,5,6,7,9,10,11,12,14,15,16], 9[1,2,3,5,6,7,8,9,10,11,12,14,15,16], 11[1,2,3,4,5,6,7,8,9,10,11,12,14,15,16], 13[1,2,3,4,5,6,7,8,9,10,11,12,14,15,16], 15[1,2,3,4,5,6,7,8,9,10,11,12,14,15,16]]
   00:00:00:00:00:09    00:00:00:00:00:0c  [4[5,6,9,10,13,14], 6[1,2,5,6,7,9,10,11,13,14,15], 8[1,2,3,5,6,7,8,9,10,11,12,13,14,15,16], 10[1,2,3,4,5,6,7,8,9,10,11,12,13,14,15,16], 12[1,2,3,4,5,6,7,8,9,10,11,12,13,14,15,16], 14[1,2,3,4,5,6,7,8,9,10,11,12,13,14,15,16], 16[1,2,3,4,5,6,7,8,9,10,11,12,13,14,15,16]]
   00:00:00:00:00:09    00:00:00:00:00:02  [4[2,6,10,14], 6[1,2,3,5,6,7,9,10,11,13,14,15], 8[1,2,3,4,5,6,7,8,9,10,11,12,13,14,15,16], 10[1,2,3,4,5,6,7,8,9,10,11,12,13,14,15,16], 12[1,2,3,4,5,6,7,8,9,10,11,12,13,14,15,16], 14[1,2,3,4,5,6,7,8,9,10,11,12,13,14,15,16], 16[1,2,3,4,5,6,7,8,9,10,11,12,13,14,15,16]]
   00:00:00:00:00:09    00:00:00:00:00:0a  [2[13,14], 4[9,10,13,14], 6[5,6,9,10,11,13,14,15], 8[1,2,5,6,7,9,10,11,12,13,14,15,16], 10[1,2,3,5,6,7,8,9,10,11,12,13,14,15,16], 12[1,2,3,4,5,6,7,8,9,10,11,12,13,14,15,16], 14[1,2,3,4,5,6,7,8,9,10,11,12,13,14,15,16], 16[1,2,3,4,5,6,7,8,9,10,11,12,13,14,15,16]]
   00:00:00:00:00:09    00:00:00:00:00:05  [5[6,7,8,10,11,12,14,15,16], 7[2,3,4,5,6,7,8,9,10,11,12,13,14,15,16], 9[1,2,3,4,5,6,7,8,9,10,11,12,13,14,15,16], 11[1,2,3,4,5,6,7,8,9,10,11,12,13,14,15,16], 13[1,2,3,4,5,6,7,8,9,10,11,12,13,14,15,16], 15[1,2,3,4,5,6,7,8,9,10,11,12,13,14,15,16]]
   00:00:00:00:00:09    00:00:00:00:00:07  [3[14,15,16], 5[10,11,12,14,15,16], 7[6,7,8,9,10,11,12,13,14,15,16], 9[2,3,4,5,6,7,8,9,10,11,12,13,14,15,16], 11[1,2,3,4,5,6,7,8,9,10,11,12,13,14,15,16], 13[1,2,3,4,5,6,7,8,9,10,11,12,13,14,15,16], 15[1,2,3,4,5,6,7,8,9,10,11,12,13,14,15,16]]
   00:00:00:00:00:09    00:00:00:00:00:06  [4[10,11,12,14,15,16], 6[6,7,8,9,10,11,12,13,14,15,16], 8[2,3,4,5,6,7,8,9,10,11,12,13,14,15,16], 10[1,2,3,4,5,6,7,8,9,10,11,12,13,14,15,16], 12[1,2,3,4,5,6,7,8,9,10,11,12,13,14,15,16], 14[1,2,3,4,5,6,7,8,9,10,11,12,13,14,15,16], 16[1,2,3,4,5,6,7,8,9,10,11,12,13,14,15,16]]
   00:00:00:00:00:09    00:00:00:00:00:08  [2[14,15], 4[10,11,14,15], 6[6,7,9,10,11,12,13,14,15,16], 8[2,3,5,6,7,8,9,10,11,12,13,14,15,16], 10[1,2,3,4,5,6,7,8,9,10,11,12,13,14,15,16], 12[1,2,3,4,5,6,7,8,9,10,11,12,13,14,15,16], 14[1,2,3,4,5,6,7,8,9,10,11,12,13,14,15,16], 16[1,2,3,4,5,6,7,8,9,10,11,12,13,14,15,16]]
   00:00:00:00:00:09    00:00:00:00:00:04  [6[2,3,4,6,7,8,10,11,12,14,15,16], 8[1,2,3,4,5,6,7,8,9,10,11,12,13,14,15,16], 10[1,2,3,4,5,6,7,8,9,10,11,12,13,14,15,16], 12[1,2,3,4,5,6,7,8,9,10,11,12,13,14,15,16], 14[1,2,3,4,5,6,7,8,9,10,11,12,13,14,15,16], 16[1,2,3,4,5,6,7,8,9,10,11,12,13,14,15,16]]
   00:00:00:00:00:09    00:00:00:00:00:03  [5[2,3,6,7,10,11,14,15], 7[1,2,3,4,5,6,7,8,9,10,11,12,13,14,15,16], 9[1,2,3,4,5,6,7,8,9,10,11,12,13,14,15,16], 11[1,2,3,4,5,6,7,8,9,10,11,12,13,14,15,16], 13[1,2,3,4,5,6,7,8,9,10,11,12,13,14,15,16], 15[1,2,3,4,5,6,7,8,9,10,11,12,13,14,15,16]]
   00:00:00:00:00:06    00:00:00:00:00:01  [6[1,2,3,4,5,6,7,8,9,10,11,12], 8[1,2,3,4,5,6,7,8,9,10,11,12,13,14,15,16], 10[1,2,3,4,5,6,7,8,9,10,11,12,13,14,15,16], 12[1,2,3,4,5,6,7,8,9,10,11,12,13,14,15,16], 14[1,2,3,4,5,6,7,8,9,10,11,12,13,14,15,16], 16[1,2,3,4,5,6,7,8,9,10,11,12,13,14,15,16]]
   00:00:00:00:00:06    00:00:00:00:00:0b  [4[9,10,11,12], 6[5,6,7,8,9,10,11,12,13,14,15,16], 8[1,2,3,4,5,6,7,8,9,10,11,12,13,14,15,16], 10[1,2,3,4,5,6,7,8,9,10,11,12,13,14,15,16], 12[1,2,3,4,5,6,7,8,9,10,11,12,13,14,15,16], 14[1,2,3,4,5,6,7,8,9,10,11,12,13,14,15,16], 16[1,2,3,4,5,6,7,8,9,10,11,12,13,14,15,16]]
   00:00:00:00:00:06    00:00:00:00:00:0c  [5[5,6,7,8,9,10,11,12], 7[1,2,3,4,5,6,7,8,9,10,11,12,13,14,15,16], 9[1,2,3,4,5,6,7,8,9,10,11,12,13,14,15,16], 11[1,2,3,4,5,6,7,8,9,10,11,12,13,14,15,16], 13[1,2,3,4,5,6,7,8,9,10,11,12,13,14,15,16], 15[1,2,3,4,5,6,7,8,9,10,11,12,13,14,15,16]]
   00:00:00:00:00:06    00:00:00:00:00:02  [5[2,3,4,6,7,8,10,11,12], 7[1,2,3,4,5,6,7,8,9,10,11,12,14,15,16], 9[1,2,3,4,5,6,7,8,9,10,11,12,13,14,15,16], 11[1,2,3,4,5,6,7,8,9,10,11,12,13,14,15,16], 13[1,2,3,4,5,6,7,8,9,10,11,12,13,14,15,16], 15[1,2,3,4,5,6,7,8,9,10,11,12,13,14,15,16]]
   00:00:00:00:00:06    00:00:00:00:00:0a  [5[9,10,11,12,13,14,15,16], 7[5,6,7,8,9,10,11,12,13,14,15,16], 9[1,2,3,4,5,6,7,8,9,10,11,12,13,14,15,16], 11[1,2,3,4,5,6,7,8,9,10,11,12,13,14,15,16], 13[1,2,3,4,5,6,7,8,9,10,11,12,13,14,15,16], 15[1,2,3,4,5,6,7,8,9,10,11,12,13,14,15,16]]
   00:00:00:00:00:06    00:00:00:00:00:05  [2[8,12], 4[7,8,11,12], 6[3,4,6,7,8,10,11,12,15,16], 8[2,3,4,5,6,7,8,9,10,11,12,14,15,16], 10[1,2,3,4,5,6,7,8,9,10,11,12,13,14,15,16], 12[1,2,3,4,5,6,7,8,9,10,11,12,13,14,15,16], 14[1,2,3,4,5,6,7,8,9,10,11,12,13,14,15,16], 16[1,2,3,4,5,6,7,8,9,10,11,12,13,14,15,16]]
   00:00:00:00:00:06    00:00:00:00:00:07  [2[12,16], 4[11,12,15,16], 6[7,8,10,11,12,14,15,16], 8[3,4,6,7,8,9,10,11,12,13,14,15,16], 10[2,3,4,5,6,7,8,9,10,11,12,13,14,15,16], 12[1,2,3,4,5,6,7,8,9,10,11,12,13,14,15,16], 14[1,2,3,4,5,6,7,8,9,10,11,12,13,14,15,16], 16[1,2,3,4,5,6,7,8,9,10,11,12,13,14,15,16]]
   00:00:00:00:00:06    00:00:00:00:00:09  [4[10,11,12,14,15,16], 6[6,7,8,9,10,11,12,13,14,15,16], 8[2,3,4,5,6,7,8,9,10,11,12,13,14,15,16], 10[1,2,3,4,5,6,7,8,9,10,11,12,13,14,15,16], 12[1,2,3,4,5,6,7,8,9,10,11,12,13,14,15,16], 14[1,2,3,4,5,6,7,8,9,10,11,12,13,14,15,16], 16[1,2,3,4,5,6,7,8,9,10,11,12,13,14,15,16]]
   00:00:00:00:00:06    00:00:00:00:00:08  [3[11,12,15,16], 5[7,8,10,11,12,14,15], 7[3,4,6,7,8,9,10,11,12,13,14,15], 9[2,3,4,5,6,7,8,9,10,11,12,13,14,15], 11[1,2,3,4,5,6,7,8,9,10,11,12,13,14,15], 13[1,2,3,4,5,6,7,8,9,10,11,12,13,14,15], 15[1,2,3,4,5,6,7,8,9,10,11,12,13,14,15]]
   00:00:00:00:00:06    00:00:00:00:00:04  [3[4,8,12], 5[3,4,7,8,11,12], 7[2,3,4,6,7,8,10,11,12,15,16], 9[1,2,3,4,5,6,7,8,9,10,11,12,14,15,16], 11[1,2,3,4,5,6,7,8,9,10,11,12,13,14,15,16], 13[1,2,3,4,5,6,7,8,9,10,11,12,13,14,15,16], 15[1,2,3,4,5,6,7,8,9,10,11,12,13,14,15,16]]
   00:00:00:00:00:06    00:00:00:00:00:03  [4[3,4,7,8,11,12], 6[2,3,4,6,7,8,10,11,12,15,16], 8[1,2,3,4,5,6,7,8,9,10,11,12,14,15,16], 10[1,2,3,4,5,6,7,8,9,10,11,12,13,14,15,16], 12[1,2,3,4,5,6,7,8,9,10,11,12,13,14,15,16], 14[1,2,3,4,5,6,7,8,9,10,11,12,13,14,15,16], 16[1,2,3,4,5,6,7,8,9,10,11,12,13,14,15,16]]
   00:00:00:00:00:08    00:00:00:00:00:01  [6[1,2,3,5,6,7,9,10,11,13,14,15], 8[1,2,3,4,5,6,7,8,9,10,11,12,13,14,15,16], 10[1,2,3,4,5,6,7,8,9,10,11,12,13,14,15,16], 12[1,2,3,4,5,6,7,8,9,10,11,12,13,14,15,16], 14[1,2,3,4,5,6,7,8,9,10,11,12,13,14,15,16], 16[1,2,3,4,5,6,7,8,9,10,11,12,13,14,15,16]]
   00:00:00:00:00:08    00:00:00:00:00:0b  [4[9,10,11,13,14,15], 6[5,6,7,9,10,11,12,13,14,15,16], 8[1,2,3,5,6,7,8,9,10,11,12,13,14,15,16], 10[1,2,3,4,5,6,7,8,9,10,11,12,13,14,15,16], 12[1,2,3,4,5,6,7,8,9,10,11,12,13,14,15,16], 14[1,2,3,4,5,6,7,8,9,10,11,12,13,14,15,16], 16[1,2,3,4,5,6,7,8,9,10,11,12,13,14,15,16]]
   00:00:00:00:00:08    00:00:00:00:00:0c  [5[5,6,7,9,10,11,13,14,15], 7[1,2,3,5,6,7,8,9,10,11,12,13,14,15,16], 9[1,2,3,4,5,6,7,8,9,10,11,12,13,14,15,16], 11[1,2,3,4,5,6,7,8,9,10,11,12,13,14,15,16], 13[1,2,3,4,5,6,7,8,9,10,11,12,13,14,15,16], 15[1,2,3,4,5,6,7,8,9,10,11,12,13,14,15,16]]
   00:00:00:00:00:08    00:00:00:00:00:02  [5[2,3,6,7,10,11,14,15], 7[1,2,3,4,5,6,7,8,9,10,11,12,13,14,15,16], 9[1,2,3,4,5,6,7,8,9,10,11,12,13,14,15,16], 11[1,2,3,4,5,6,7,8,9,10,11,12,13,14,15,16], 13[1,2,3,4,5,6,7,8,9,10,11,12,13,14,15,16], 15[1,2,3,4,5,6,7,8,9,10,11,12,13,14,15,16]]
   00:00:00:00:00:08    00:00:00:00:00:0a  [3[13,14,15], 5[9,10,11,13,14,15], 7[5,6,7,9,10,11,12,13,14,15,16], 9[1,2,3,5,6,7,8,9,10,11,12,13,14,15,16], 11[1,2,3,4,5,6,7,8,9,10,11,12,13,14,15,16], 13[1,2,3,4,5,6,7,8,9,10,11,12,13,14,15,16], 15[1,2,3,4,5,6,7,8,9,10,11,12,13,14,15,16]]
   00:00:00:00:00:08    00:00:00:00:00:05  [4[7,8,11,12,15,16], 6[3,4,6,7,8,10,11,12,14,15,16], 8[2,3,4,5,6,7,8,9,10,11,12,13,14,15,16], 10[1,2,3,4,5,6,7,8,9,10,11,12,13,14,15,16], 12[1,2,3,4,5,6,7,8,9,10,11,12,13,14,15,16], 14[1,2,3,4,5,6,7,8,9,10,11,12,13,14,15,16], 16[1,2,3,4,5,6,7,8,9,10,11,12,13,14,15,16]]
   00:00:00:00:00:08    00:00:00:00:00:07  [2[15,16], 4[11,12,15,16], 6[7,8,10,11,12,14,15,16], 8[3,4,6,7,8,9,10,11,12,13,14,15,16], 10[2,3,4,5,6,7,8,9,10,11,12,13,14,15,16], 12[1,2,3,4,5,6,7,8,9,10,11,12,13,14,15,16], 14[1,2,3,4,5,6,7,8,9,10,11,12,13,14,15,16], 16[1,2,3,4,5,6,7,8,9,10,11,12,13,14,15,16]]
   00:00:00:00:00:08    00:00:00:00:00:09  [2[14,15], 4[10,11,14,15], 6[6,7,9,10,11,12,13,14,15,16], 8[2,3,5,6,7,8,9,10,11,12,13,14,15,16], 10[1,2,3,4,5,6,7,8,9,10,11,12,13,14,15,16], 12[1,2,3,4,5,6,7,8,9,10,11,12,13,14,15,16], 14[1,2,3,4,5,6,7,8,9,10,11,12,13,14,15,16], 16[1,2,3,4,5,6,7,8,9,10,11,12,13,14,15,16]]
   00:00:00:00:00:08    00:00:00:00:00:06  [3[11,12,15,16], 5[7,8,10,11,12,14,15], 7[3,4,6,7,8,9,10,11,12,13,14,15], 9[2,3,4,5,6,7,8,9,10,11,12,13,14,15], 11[1,2,3,4,5,6,7,8,9,10,11,12,13,14,15], 13[1,2,3,4,5,6,7,8,9,10,11,12,13,14,15], 15[1,2,3,4,5,6,7,8,9,10,11,12,13,14,15]]
   00:00:00:00:00:08    00:00:00:00:00:04  [5[3,4,7,8,11,12,15,16], 7[2,3,4,6,7,8,10,11,12,14,15,16], 9[1,2,3,4,5,6,7,8,9,10,11,12,13,14,15,16], 11[1,2,3,4,5,6,7,8,9,10,11,12,13,14,15,16], 13[1,2,3,4,5,6,7,8,9,10,11,12,13,14,15,16], 15[1,2,3,4,5,6,7,8,9,10,11,12,13,14,15,16]]
   00:00:00:00:00:08    00:00:00:00:00:03  [4[3,7,11,15], 6[2,3,4,6,7,8,10,11,12,14,15,16], 8[1,2,3,4,5,6,7,8,9,10,11,12,13,14,15,16], 10[1,2,3,4,5,6,7,8,9,10,11,12,13,14,15,16], 12[1,2,3,4,5,6,7,8,9,10,11,12,13,14,15,16], 14[1,2,3,4,5,6,7,8,9,10,11,12,13,14,15,16], 16[1,2,3,4,5,6,7,8,9,10,11,12,13,14,15,16]]
   00:00:00:00:00:04    00:00:00:00:00:01  [4[1,2,3,4], 6[1,2,3,4,5,6,7,8], 8[1,2,3,4,5,6,7,8,9,10,11,12], 10[1,2,3,4,5,6,7,8,9,10,11,12,13,14,15,16], 12[1,2,3,4,5,6,7,8,9,10,11,12,13,14,15,16], 14[1,2,3,4,5,6,7,8,9,10,11,12,13,14,15,16], 16[1,2,3,4,5,6,7,8,9,10,11,12,13,14,15,16]]
   00:00:00:00:00:04    00:00:00:00:00:0b  [6[1,2,3,4,5,6,7,8,9,10,11,12], 8[1,2,3,4,5,6,7,8,9,10,11,12,13,14,15,16], 10[1,2,3,4,5,6,7,8,9,10,11,12,13,14,15,16], 12[1,2,3,4,5,6,7,8,9,10,11,12,13,14,15,16], 14[1,2,3,4,5,6,7,8,9,10,11,12,13,14,15,16], 16[1,2,3,4,5,6,7,8,9,10,11,12,13,14,15,16]]
   00:00:00:00:00:04    00:00:00:00:00:0c  [5[1,2,3,4,5,6,7,8], 7[1,2,3,4,5,6,7,8,9,10,11,12], 9[1,2,3,4,5,6,7,8,9,10,11,12,13,14,15,16], 11[1,2,3,4,5,6,7,8,9,10,11,12,13,14,15,16], 13[1,2,3,4,5,6,7,8,9,10,11,12,13,14,15,16], 15[1,2,3,4,5,6,7,8,9,10,11,12,13,14,15,16]]
   00:00:00:00:00:04    00:00:00:00:00:02  [3[2,3,4], 5[2,3,4,6,7,8], 7[1,2,3,4,5,6,7,8,10,11,12], 9[1,2,3,4,5,6,7,8,9,10,11,12,14,15,16], 11[1,2,3,4,5,6,7,8,9,10,11,12,13,14,15,16], 13[1,2,3,4,5,6,7,8,9,10,11,12,13,14,15,16], 15[1,2,3,4,5,6,7,8,9,10,11,12,13,14,15,16]]
   00:00:00:00:00:04    00:00:00:00:00:0a  [7[1,2,3,4,5,6,7,8,9,10,11,12,13,14,15,16], 9[1,2,3,4,5,6,7,8,9,10,11,12,13,14,15,16], 11[1,2,3,4,5,6,7,8,9,10,11,12,13,14,15,16], 13[1,2,3,4,5,6,7,8,9,10,11,12,13,14,15,16], 15[1,2,3,4,5,6,7,8,9,10,11,12,13,14,15,16]]
   00:00:00:00:00:04    00:00:00:00:00:05  [2[4,8], 4[3,4,7,8], 6[2,3,4,6,7,8,11,12], 8[1,2,3,4,5,6,7,8,10,11,12,15,16], 10[1,2,3,4,5,6,7,8,9,10,11,12,14,15,16], 12[1,2,3,4,5,6,7,8,9,10,11,12,13,14,15,16], 14[1,2,3,4,5,6,7,8,9,10,11,12,13,14,15,16], 16[1,2,3,4,5,6,7,8,9,10,11,12,13,14,15,16]]
   00:00:00:00:00:04    00:00:00:00:00:07  [4[4,8,12,16], 6[3,4,7,8,11,12,15,16], 8[2,3,4,6,7,8,10,11,12,14,15,16], 10[1,2,3,4,5,6,7,8,9,10,11,12,13,14,15,16], 12[1,2,3,4,5,6,7,8,9,10,11,12,13,14,15,16], 14[1,2,3,4,5,6,7,8,9,10,11,12,13,14,15,16], 16[1,2,3,4,5,6,7,8,9,10,11,12,13,14,15,16]]
   00:00:00:00:00:04    00:00:00:00:00:09  [6[2,3,4,6,7,8,10,11,12,14,15,16], 8[1,2,3,4,5,6,7,8,9,10,11,12,13,14,15,16], 10[1,2,3,4,5,6,7,8,9,10,11,12,13,14,15,16], 12[1,2,3,4,5,6,7,8,9,10,11,12,13,14,15,16], 14[1,2,3,4,5,6,7,8,9,10,11,12,13,14,15,16], 16[1,2,3,4,5,6,7,8,9,10,11,12,13,14,15,16]]
   00:00:00:00:00:04    00:00:00:00:00:06  [3[4,8,12], 5[3,4,7,8,11,12], 7[2,3,4,6,7,8,10,11,12,15,16], 9[1,2,3,4,5,6,7,8,9,10,11,12,14,15,16], 11[1,2,3,4,5,6,7,8,9,10,11,12,13,14,15,16], 13[1,2,3,4,5,6,7,8,9,10,11,12,13,14,15,16], 15[1,2,3,4,5,6,7,8,9,10,11,12,13,14,15,16]]
   00:00:00:00:00:04    00:00:00:00:00:08  [5[3,4,7,8,11,12,15,16], 7[2,3,4,6,7,8,10,11,12,14,15,16], 9[1,2,3,4,5,6,7,8,9,10,11,12,13,14,15,16], 11[1,2,3,4,5,6,7,8,9,10,11,12,13,14,15,16], 13[1,2,3,4,5,6,7,8,9,10,11,12,13,14,15,16], 15[1,2,3,4,5,6,7,8,9,10,11,12,13,14,15,16]]
   00:00:00:00:00:04    00:00:00:00:00:03  [2[3,4], 4[3,4,7,8], 6[2,3,4,6,7,8,11,12], 8[1,2,3,4,5,6,7,8,10,11,12,15,16], 10[1,2,3,4,5,6,7,8,9,10,11,12,14,15,16], 12[1,2,3,4,5,6,7,8,9,10,11,12,13,14,15,16], 14[1,2,3,4,5,6,7,8,9,10,11,12,13,14,15,16], 16[1,2,3,4,5,6,7,8,9,10,11,12,13,14,15,16]]
   00:00:00:00:00:03    00:00:00:00:00:01  [3[1,2,3], 5[1,2,3,5,6,7], 7[1,2,3,4,5,6,7,8,9,10,11], 9[1,2,3,4,5,6,7,8,9,10,11,12,13,14,15], 11[1,2,3,4,5,6,7,8,9,10,11,12,13,14,15,16], 13[1,2,3,4,5,6,7,8,9,10,11,12,13,14,15,16], 15[1,2,3,4,5,6,7,8,9,10,11,12,13,14,15,16]]
   00:00:00:00:00:03    00:00:00:00:00:0b  [5[1,2,3,5,6,7,9,10,11], 7[1,2,3,4,5,6,7,8,9,10,11,12,13,14,15], 9[1,2,3,4,5,6,7,8,9,10,11,12,13,14,15,16], 11[1,2,3,4,5,6,7,8,9,10,11,12,13,14,15,16], 13[1,2,3,4,5,6,7,8,9,10,11,12,13,14,15,16], 15[1,2,3,4,5,6,7,8,9,10,11,12,13,14,15,16]]
   00:00:00:00:00:03    00:00:00:00:00:0c  [4[1,2,3,5,6,7], 6[1,2,3,4,5,6,7,8,9,10,11], 8[1,2,3,4,5,6,7,8,9,10,11,12,13,14,15], 10[1,2,3,4,5,6,7,8,9,10,11,12,13,14,15,16], 12[1,2,3,4,5,6,7,8,9,10,11,12,13,14,15,16], 14[1,2,3,4,5,6,7,8,9,10,11,12,13,14,15,16], 16[1,2,3,4,5,6,7,8,9,10,11,12,13,14,15,16]]
   00:00:00:00:00:03    00:00:00:00:00:02  [2[2,3], 4[2,3,6,7], 6[1,2,3,4,5,6,7,8,10,11], 8[1,2,3,4,5,6,7,8,9,10,11,12,14,15], 10[1,2,3,4,5,6,7,8,9,10,11,12,13,14,15,16], 12[1,2,3,4,5,6,7,8,9,10,11,12,13,14,15,16], 14[1,2,3,4,5,6,7,8,9,10,11,12,13,14,15,16], 16[1,2,3,4,5,6,7,8,9,10,11,12,13,14,15,16]]
   00:00:00:00:00:03    00:00:00:00:00:0a  [6[1,2,3,5,6,7,9,10,11,13,14,15], 8[1,2,3,4,5,6,7,8,9,10,11,12,13,14,15,16], 10[1,2,3,4,5,6,7,8,9,10,11,12,13,14,15,16], 12[1,2,3,4,5,6,7,8,9,10,11,12,13,14,15,16], 14[1,2,3,4,5,6,7,8,9,10,11,12,13,14,15,16], 16[1,2,3,4,5,6,7,8,9,10,11,12,13,14,15,16]]
   00:00:00:00:00:03    00:00:00:00:00:05  [3[3,4,7,8], 5[2,3,6,7,8,11,12], 7[1,2,3,5,6,7,8,10,11,12,15,16], 9[1,2,3,5,6,7,8,9,10,11,12,14,15,16], 11[1,2,3,5,6,7,8,9,10,11,12,13,14,15,16], 13[1,2,3,5,6,7,8,9,10,11,12,13,14,15,16], 15[1,2,3,5,6,7,8,9,10,11,12,13,14,15,16]]
   00:00:00:00:00:03    00:00:00:00:00:07  [5[3,4,7,8,11,12,15,16], 7[2,3,4,6,7,8,10,11,12,14,15,16], 9[1,2,3,4,5,6,7,8,9,10,11,12,13,14,15,16], 11[1,2,3,4,5,6,7,8,9,10,11,12,13,14,15,16], 13[1,2,3,4,5,6,7,8,9,10,11,12,13,14,15,16], 15[1,2,3,4,5,6,7,8,9,10,11,12,13,14,15,16]]
   00:00:00:00:00:03    00:00:00:00:00:09  [5[2,3,6,7,10,11,14,15], 7[1,2,3,4,5,6,7,8,9,10,11,12,13,14,15,16], 9[1,2,3,4,5,6,7,8,9,10,11,12,13,14,15,16], 11[1,2,3,4,5,6,7,8,9,10,11,12,13,14,15,16], 13[1,2,3,4,5,6,7,8,9,10,11,12,13,14,15,16], 15[1,2,3,4,5,6,7,8,9,10,11,12,13,14,15,16]]
   00:00:00:00:00:03    00:00:00:00:00:06  [4[3,4,7,8,11,12], 6[2,3,4,6,7,8,10,11,12,15,16], 8[1,2,3,4,5,6,7,8,9,10,11,12,14,15,16], 10[1,2,3,4,5,6,7,8,9,10,11,12,13,14,15,16], 12[1,2,3,4,5,6,7,8,9,10,11,12,13,14,15,16], 14[1,2,3,4,5,6,7,8,9,10,11,12,13,14,15,16], 16[1,2,3,4,5,6,7,8,9,10,11,12,13,14,15,16]]
   00:00:00:00:00:03    00:00:00:00:00:08  [4[3,7,11,15], 6[2,3,4,6,7,8,10,11,12,14,15,16], 8[1,2,3,4,5,6,7,8,9,10,11,12,13,14,15,16], 10[1,2,3,4,5,6,7,8,9,10,11,12,13,14,15,16], 12[1,2,3,4,5,6,7,8,9,10,11,12,13,14,15,16], 14[1,2,3,4,5,6,7,8,9,10,11,12,13,14,15,16], 16[1,2,3,4,5,6,7,8,9,10,11,12,13,14,15,16]]
   00:00:00:00:00:03    00:00:00:00:00:04  [2[3,4], 4[3,4,7,8], 6[2,3,4,6,7,8,11,12], 8[1,2,3,4,5,6,7,8,10,11,12,15,16], 10[1,2,3,4,5,6,7,8,9,10,11,12,14,15,16], 12[1,2,3,4,5,6,7,8,9,10,11,12,13,14,15,16], 14[1,2,3,4,5,6,7,8,9,10,11,12,13,14,15,16], 16[1,2,3,4,5,6,7,8,9,10,11,12,13,14,15,16]]
