# K-Shortest Paths Distribution
# Format: src_host dst_host  hop[switches] ...
# ==================================================================

   00:00:00:00:00:16    00:00:00:00:00:06  [6[1,2,3,4,7,8,13,14,19,30]]
   00:00:00:00:00:16    00:00:00:00:00:07  [6[1,2,3,4,7,8,13,14,19,31]]
   00:00:00:00:00:16    00:00:00:00:00:1b  [5[3,4,13,14,15,16,19,24], 6[3,4,13,14,15,16,19,24]]
   00:00:00:00:00:16    00:00:00:00:00:17  [3[13,14,19,20], 5[3,4,13,14,19,20,21], 6[3,4,13,14,19,20], 7[1,2,3,4,13,14,15,16,19,20]]
   00:00:00:00:00:16    00:00:00:00:00:09  [6[1,2,3,4,9,10,13,14,19,33]]
   00:00:00:00:00:16    00:00:00:00:00:05  [6[1,2,3,4,7,8,13,14,19,29]]
   00:00:00:00:00:16    00:00:00:00:00:08  [6[1,2,3,4,7,8,13,14,19,32]]
   00:00:00:00:00:16    00:00:00:00:00:04  [6[1,2,3,4,5,6,13,14,19,28]]
   00:00:00:00:00:16    00:00:00:00:00:1a  [5[3,4,13,14,15,16,19,23], 6[3,4,13,14,15,16,19,23]]
   00:00:00:00:00:16    00:00:00:00:00:10  [6[1,2,3,4,11,12,13,14,19,40]]
   00:00:00:00:00:16    00:00:00:00:00:18  [3[13,14,19,21], 5[3,4,13,14,19,20,21], 6[3,4,13,14,19,21], 7[1,2,3,4,13,14,15,16,19,21]]
   00:00:00:00:00:16    00:00:00:00:00:19  [5[3,4,13,14,15,16,19,22], 6[3,4,13,14,15,16,19,22]]
   00:00:00:00:00:16    00:00:00:00:00:0e  [6[1,2,3,4,11,12,13,14,19,38]]
   00:00:00:00:00:16    00:00:00:00:00:01  [6[1,2,3,4,5,6,13,14,19,25]]
   00:00:00:00:00:16    00:00:00:00:00:14  [5[3,4,13,14,17,18,19,44], 6[3,4,13,14,17,18,19,44]]
   00:00:00:00:00:16    00:00:00:00:00:0b  [6[1,2,3,4,9,10,13,14,19,35]]
   00:00:00:00:00:16    00:00:00:00:00:0a  [6[1,2,3,4,9,10,13,14,19,34]]
   00:00:00:00:00:16    00:00:00:00:00:0c  [6[1,2,3,4,9,10,13,14,19,36]]
   00:00:00:00:00:16    00:00:00:00:00:0d  [6[1,2,3,4,11,12,13,14,19,37]]
   00:00:00:00:00:16    00:00:00:00:00:03  [6[1,2,3,4,5,6,13,14,19,27]]
   00:00:00:00:00:16    00:00:00:00:00:11  [5[3,4,13,14,17,18,19,41], 6[3,4,13,14,17,18,19,41]]
   00:00:00:00:00:16    00:00:00:00:00:02  [6[1,2,3,4,5,6,13,14,19,26]]
   00:00:00:00:00:16    00:00:00:00:00:0f  [6[1,2,3,4,11,12,13,14,19,39]]
   00:00:00:00:00:16    00:00:00:00:00:12  [5[3,4,13,14,17,18,19,42], 6[3,4,13,14,17,18,19,42]]
   00:00:00:00:00:16    00:00:00:00:00:15  [5[3,4,13,14,17,18,19,45], 6[3,4,13,14,17,18,19,45]]
   00:00:00:00:00:16    00:00:00:00:00:13  [5[3,4,13,14,17,18,19,43], 6[3,4,13,14,17,18,19,43]]
   00:00:00:00:00:06    00:00:00:00:00:16  [6[1,2,3,4,7,8,13,14,19,30]]
   00:00:00:00:00:06    00:00:00:00:00:07  [3[7,8,30,31], 5[1,2,7,8,29,30,31,32], 6[1,2,7,8,30,31], 7[1,2,3,4,7,8,30,31]]
   00:00:00:00:00:06    00:00:00:00:00:1b  [6[1,2,3,4,7,8,15,16,24,30]]
   00:00:00:00:00:06    00:00:00:00:00:17  [6[1,2,3,4,7,8,13,14,20,30]]
   00:00:00:00:00:06    00:00:00:00:00:09  [5[1,2,7,8,9,10,30,33], 6[1,2,7,8,9,10,30,33]]
   00:00:00:00:00:06    00:00:00:00:00:05  [3[7,8,29,30], 5[1,2,7,8,29,30,31,32], 6[1,2,7,8,29,30], 7[1,2,3,4,7,8,29,30]]
   00:00:00:00:00:06    00:00:00:00:00:08  [3[7,8,30,32], 5[1,2,7,8,29,30,31,32], 6[1,2,7,8,30,32], 7[1,2,3,4,7,8,30,32]]
   00:00:00:00:00:06    00:00:00:00:00:04  [5[1,2,5,6,7,8,28,30], 6[1,2,5,6,7,8,28,30]]
   00:00:00:00:00:06    00:00:00:00:00:1a  [6[1,2,3,4,7,8,15,16,23,30]]
   00:00:00:00:00:06    00:00:00:00:00:10  [5[1,2,7,8,11,12,30,40], 6[1,2,7,8,11,12,30,40]]
   00:00:00:00:00:06    00:00:00:00:00:18  [6[1,2,3,4,7,8,13,14,21,30]]
   00:00:00:00:00:06    00:00:00:00:00:19  [6[1,2,3,4,7,8,15,16,22,30]]
   00:00:00:00:00:06    00:00:00:00:00:0e  [5[1,2,7,8,11,12,30,38], 6[1,2,7,8,11,12,30,38]]
   00:00:00:00:00:06    00:00:00:00:00:01  [5[1,2,5,6,7,8,25,30], 6[1,2,5,6,7,8,25,30]]
   00:00:00:00:00:06    00:00:00:00:00:14  [6[1,2,3,4,7,8,17,18,30,44]]
   00:00:00:00:00:06    00:00:00:00:00:0b  [5[1,2,7,8,9,10,30,35], 6[1,2,7,8,9,10,30,35]]
   00:00:00:00:00:06    00:00:00:00:00:0a  [5[1,2,7,8,9,10,30,34], 6[1,2,7,8,9,10,30,34]]
   00:00:00:00:00:06    00:00:00:00:00:0c  [5[1,2,7,8,9,10,30,36], 6[1,2,7,8,9,10,30,36]]
   00:00:00:00:00:06    00:00:00:00:00:0d  [5[1,2,7,8,11,12,30,37], 6[1,2,7,8,11,12,30,37]]
   00:00:00:00:00:06    00:00:00:00:00:03  [5[1,2,5,6,7,8,27,30], 6[1,2,5,6,7,8,27,30]]
   00:00:00:00:00:06    00:00:00:00:00:11  [6[1,2,3,4,7,8,17,18,30,41]]
   00:00:00:00:00:06    00:00:00:00:00:02  [5[1,2,5,6,7,8,26,30], 6[1,2,5,6,7,8,26,30]]
   00:00:00:00:00:06    00:00:00:00:00:0f  [5[1,2,7,8,11,12,30,39], 6[1,2,7,8,11,12,30,39]]
   00:00:00:00:00:06    00:00:00:00:00:12  [6[1,2,3,4,7,8,17,18,30,42]]
   00:00:00:00:00:06    00:00:00:00:00:15  [6[1,2,3,4,7,8,17,18,30,45]]
   00:00:00:00:00:06    00:00:00:00:00:13  [6[1,2,3,4,7,8,17,18,30,43]]
   00:00:00:00:00:07    00:00:00:00:00:16  [6[1,2,3,4,7,8,13,14,19,31]]
   00:00:00:00:00:07    00:00:00:00:00:06  [3[7,8,30,31], 5[1,2,7,8,29,30,31,32], 6[1,2,7,8,30,31], 7[1,2,3,4,7,8,30,31]]
   00:00:00:00:00:07    00:00:00:00:00:1b  [6[1,2,3,4,7,8,15,16,24,31]]
   00:00:00:00:00:07    00:00:00:00:00:17  [6[1,2,3,4,7,8,13,14,20,31]]
   00:00:00:00:00:07    00:00:00:00:00:09  [5[1,2,7,8,9,10,31,33], 6[1,2,7,8,9,10,31,33]]
   00:00:00:00:00:07    00:00:00:00:00:05  [3[7,8,29,31], 5[1,2,7,8,29,30,31,32], 6[1,2,7,8,29,31], 7[1,2,3,4,7,8,29,31]]
   00:00:00:00:00:07    00:00:00:00:00:08  [3[7,8,31,32], 5[1,2,7,8,29,30,31,32], 6[1,2,7,8,31,32], 7[1,2,3,4,7,8,31,32]]
   00:00:00:00:00:07    00:00:00:00:00:04  [5[1,2,5,6,7,8,28,31], 6[1,2,5,6,7,8,28,31]]
   00:00:00:00:00:07    00:00:00:00:00:1a  [6[1,2,3,4,7,8,15,16,23,31]]
   00:00:00:00:00:07    00:00:00:00:00:10  [5[1,2,7,8,11,12,31,40], 6[1,2,7,8,11,12,31,40]]
   00:00:00:00:00:07    00:00:00:00:00:18  [6[1,2,3,4,7,8,13,14,21,31]]
   00:00:00:00:00:07    00:00:00:00:00:19  [6[1,2,3,4,7,8,15,16,22,31]]
   00:00:00:00:00:07    00:00:00:00:00:0e  [5[1,2,7,8,11,12,31,38], 6[1,2,7,8,11,12,31,38]]
   00:00:00:00:00:07    00:00:00:00:00:01  [5[1,2,5,6,7,8,25,31], 6[1,2,5,6,7,8,25,31]]
   00:00:00:00:00:07    00:00:00:00:00:14  [6[1,2,3,4,7,8,17,18,31,44]]
   00:00:00:00:00:07    00:00:00:00:00:0b  [5[1,2,7,8,9,10,31,35], 6[1,2,7,8,9,10,31,35]]
   00:00:00:00:00:07    00:00:00:00:00:0a  [5[1,2,7,8,9,10,31,34], 6[1,2,7,8,9,10,31,34]]
   00:00:00:00:00:07    00:00:00:00:00:0c  [5[1,2,7,8,9,10,31,36], 6[1,2,7,8,9,10,31,36]]
   00:00:00:00:00:07    00:00:00:00:00:0d  [5[1,2,7,8,11,12,31,37], 6[1,2,7,8,11,12,31,37]]
   00:00:00:00:00:07    00:00:00:00:00:03  [5[1,2,5,6,7,8,27,31], 6[1,2,5,6,7,8,27,31]]
   00:00:00:00:00:07    00:00:00:00:00:11  [6[1,2,3,4,7,8,17,18,31,41]]
   00:00:00:00:00:07    00:00:00:00:00:02  [5[1,2,5,6,7,8,26,31], 6[1,2,5,6,7,8,26,31]]
   00:00:00:00:00:07    00:00:00:00:00:0f  [5[1,2,7,8,11,12,31,39], 6[1,2,7,8,11,12,31,39]]
   00:00:00:00:00:07    00:00:00:00:00:12  [6[1,2,3,4,7,8,17,18,31,42]]
   00:00:00:00:00:07    00:00:00:00:00:15  [6[1,2,3,4,7,8,17,18,31,45]]
   00:00:00:00:00:07    00:00:00:00:00:13  [6[1,2,3,4,7,8,17,18,31,43]]
   00:00:00:00:00:1b    00:00:00:00:00:16  [5[3,4,13,14,15,16,19,24], 6[3,4,13,14,15,16,19,24]]
   00:00:00:00:00:1b    00:00:00:00:00:06  [6[1,2,3,4,7,8,15,16,24,30]]
   00:00:00:00:00:1b    00:00:00:00:00:07  [6[1,2,3,4,7,8,15,16,24,31]]
   00:00:00:00:00:1b    00:00:00:00:00:17  [5[3,4,13,14,15,16,20,24], 6[3,4,13,14,15,16,20,24]]
   00:00:00:00:00:1b    00:00:00:00:00:09  [6[1,2,3,4,9,10,15,16,24,33]]
   00:00:00:00:00:1b    00:00:00:00:00:05  [6[1,2,3,4,7,8,15,16,24,29]]
   00:00:00:00:00:1b    00:00:00:00:00:08  [6[1,2,3,4,7,8,15,16,24,32]]
   00:00:00:00:00:1b    00:00:00:00:00:04  [6[1,2,3,4,5,6,15,16,24,28]]
   00:00:00:00:00:1b    00:00:00:00:00:1a  [3[15,16,23,24], 5[3,4,15,16,22,23,24], 6[3,4,15,16,23,24], 7[1,2,3,4,13,14,15,16,23,24]]
   00:00:00:00:00:1b    00:00:00:00:00:10  [6[1,2,3,4,11,12,15,16,24,40]]
   00:00:00:00:00:1b    00:00:00:00:00:18  [5[3,4,13,14,15,16,21,24], 6[3,4,13,14,15,16,21,24]]
   00:00:00:00:00:1b    00:00:00:00:00:19  [3[15,16,22,24], 5[3,4,15,16,22,23,24], 6[3,4,15,16,22,24], 7[1,2,3,4,13,14,15,16,22,24]]
   00:00:00:00:00:1b    00:00:00:00:00:0e  [6[1,2,3,4,11,12,15,16,24,38]]
   00:00:00:00:00:1b    00:00:00:00:00:01  [6[1,2,3,4,5,6,15,16,24,25]]
   00:00:00:00:00:1b    00:00:00:00:00:14  [5[3,4,15,16,17,18,24,44], 6[3,4,15,16,17,18,24,44]]
   00:00:00:00:00:1b    00:00:00:00:00:0b  [6[1,2,3,4,9,10,15,16,24,35]]
   00:00:00:00:00:1b    00:00:00:00:00:0a  [6[1,2,3,4,9,10,15,16,24,34]]
   00:00:00:00:00:1b    00:00:00:00:00:0c  [6[1,2,3,4,9,10,15,16,24,36]]
   00:00:00:00:00:1b    00:00:00:00:00:0d  [6[1,2,3,4,11,12,15,16,24,37]]
   00:00:00:00:00:1b    00:00:00:00:00:03  [6[1,2,3,4,5,6,15,16,24,27]]
   00:00:00:00:00:1b    00:00:00:00:00:11  [5[3,4,15,16,17,18,24,41], 6[3,4,15,16,17,18,24,41]]
   00:00:00:00:00:1b    00:00:00:00:00:02  [6[1,2,3,4,5,6,15,16,24,26]]
   00:00:00:00:00:1b    00:00:00:00:00:0f  [6[1,2,3,4,11,12,15,16,24,39]]
   00:00:00:00:00:1b    00:00:00:00:00:12  [5[3,4,15,16,17,18,24,42], 6[3,4,15,16,17,18,24,42]]
   00:00:00:00:00:1b    00:00:00:00:00:15  [5[3,4,15,16,17,18,24,45], 6[3,4,15,16,17,18,24,45]]
   00:00:00:00:00:1b    00:00:00:00:00:13  [5[3,4,15,16,17,18,24,43], 6[3,4,15,16,17,18,24,43]]
   00:00:00:00:00:17    00:00:00:00:00:16  [3[13,14,19,20], 5[3,4,13,14,19,20,21], 6[3,4,13,14,19,20], 7[1,2,3,4,13,14,15,16,19,20]]
   00:00:00:00:00:17    00:00:00:00:00:06  [6[1,2,3,4,7,8,13,14,20,30]]
   00:00:00:00:00:17    00:00:00:00:00:07  [6[1,2,3,4,7,8,13,14,20,31]]
   00:00:00:00:00:17    00:00:00:00:00:1b  [5[3,4,13,14,15,16,20,24], 6[3,4,13,14,15,16,20,24]]
   00:00:00:00:00:17    00:00:00:00:00:09  [6[1,2,3,4,9,10,13,14,20,33]]
   00:00:00:00:00:17    00:00:00:00:00:05  [6[1,2,3,4,7,8,13,14,20,29]]
   00:00:00:00:00:17    00:00:00:00:00:08  [6[1,2,3,4,7,8,13,14,20,32]]
   00:00:00:00:00:17    00:00:00:00:00:04  [6[1,2,3,4,5,6,13,14,20,28]]
   00:00:00:00:00:17    00:00:00:00:00:1a  [5[3,4,13,14,15,16,20,23], 6[3,4,13,14,15,16,20,23]]
   00:00:00:00:00:17    00:00:00:00:00:10  [6[1,2,3,4,11,12,13,14,20,40]]
   00:00:00:00:00:17    00:00:00:00:00:18  [3[13,14,20,21], 5[3,4,13,14,19,20,21], 6[3,4,13,14,20,21], 7[1,2,3,4,13,14,15,16,20,21]]
   00:00:00:00:00:17    00:00:00:00:00:19  [5[3,4,13,14,15,16,20,22], 6[3,4,13,14,15,16,20,22]]
   00:00:00:00:00:17    00:00:00:00:00:0e  [6[1,2,3,4,11,12,13,14,20,38]]
   00:00:00:00:00:17    00:00:00:00:00:01  [6[1,2,3,4,5,6,13,14,20,25]]
   00:00:00:00:00:17    00:00:00:00:00:14  [5[3,4,13,14,17,18,20,44], 6[3,4,13,14,17,18,20,44]]
   00:00:00:00:00:17    00:00:00:00:00:0b  [6[1,2,3,4,9,10,13,14,20,35]]
   00:00:00:00:00:17    00:00:00:00:00:0a  [6[1,2,3,4,9,10,13,14,20,34]]
   00:00:00:00:00:17    00:00:00:00:00:0c  [6[1,2,3,4,9,10,13,14,20,36]]
   00:00:00:00:00:17    00:00:00:00:00:0d  [6[1,2,3,4,11,12,13,14,20,37]]
   00:00:00:00:00:17    00:00:00:00:00:03  [6[1,2,3,4,5,6,13,14,20,27]]
   00:00:00:00:00:17    00:00:00:00:00:11  [5[3,4,13,14,17,18,20,41], 6[3,4,13,14,17,18,20,41]]
   00:00:00:00:00:17    00:00:00:00:00:02  [6[1,2,3,4,5,6,13,14,20,26]]
   00:00:00:00:00:17    00:00:00:00:00:0f  [6[1,2,3,4,11,12,13,14,20,39]]
   00:00:00:00:00:17    00:00:00:00:00:12  [5[3,4,13,14,17,18,20,42], 6[3,4,13,14,17,18,20,42]]
   00:00:00:00:00:17    00:00:00:00:00:15  [5[3,4,13,14,17,18,20,45], 6[3,4,13,14,17,18,20,45]]
   00:00:00:00:00:17    00:00:00:00:00:13  [5[3,4,13,14,17,18,20,43], 6[3,4,13,14,17,18,20,43]]
   00:00:00:00:00:09    00:00:00:00:00:16  [6[1,2,3,4,9,10,13,14,19,33]]
   00:00:00:00:00:09    00:00:00:00:00:06  [5[1,2,7,8,9,10,30,33], 6[1,2,7,8,9,10,30,33]]
   00:00:00:00:00:09    00:00:00:00:00:07  [5[1,2,7,8,9,10,31,33], 6[1,2,7,8,9,10,31,33]]
   00:00:00:00:00:09    00:00:00:00:00:1b  [6[1,2,3,4,9,10,15,16,24,33]]
   00:00:00:00:00:09    00:00:00:00:00:17  [6[1,2,3,4,9,10,13,14,20,33]]
   00:00:00:00:00:09    00:00:00:00:00:05  [5[1,2,7,8,9,10,29,33], 6[1,2,7,8,9,10,29,33]]
   00:00:00:00:00:09    00:00:00:00:00:08  [5[1,2,7,8,9,10,32,33], 6[1,2,7,8,9,10,32,33]]
   00:00:00:00:00:09    00:00:00:00:00:04  [5[1,2,5,6,9,10,28,33], 6[1,2,5,6,9,10,28,33]]
   00:00:00:00:00:09    00:00:00:00:00:1a  [6[1,2,3,4,9,10,15,16,23,33]]
   00:00:00:00:00:09    00:00:00:00:00:10  [5[1,2,9,10,11,12,33,40], 6[1,2,9,10,11,12,33,40]]
   00:00:00:00:00:09    00:00:00:00:00:18  [6[1,2,3,4,9,10,13,14,21,33]]
   00:00:00:00:00:09    00:00:00:00:00:19  [6[1,2,3,4,9,10,15,16,22,33]]
   00:00:00:00:00:09    00:00:00:00:00:0e  [5[1,2,9,10,11,12,33,38], 6[1,2,9,10,11,12,33,38]]
   00:00:00:00:00:09    00:00:00:00:00:01  [5[1,2,5,6,9,10,25,33], 6[1,2,5,6,9,10,25,33]]
   00:00:00:00:00:09    00:00:00:00:00:14  [6[1,2,3,4,9,10,17,18,33,44]]
   00:00:00:00:00:09    00:00:00:00:00:0b  [3[9,10,33,35], 5[1,2,9,10,33,34,35,36], 6[1,2,9,10,33,35], 7[1,2,3,4,9,10,33,35]]
   00:00:00:00:00:09    00:00:00:00:00:0a  [3[9,10,33,34], 5[1,2,9,10,33,34,35,36], 6[1,2,9,10,33,34], 7[1,2,3,4,9,10,33,34]]
   00:00:00:00:00:09    00:00:00:00:00:0c  [3[9,10,33,36], 5[1,2,9,10,33,34,35,36], 6[1,2,9,10,33,36], 7[1,2,3,4,9,10,33,36]]
   00:00:00:00:00:09    00:00:00:00:00:0d  [5[1,2,9,10,11,12,33,37], 6[1,2,9,10,11,12,33,37]]
   00:00:00:00:00:09    00:00:00:00:00:03  [5[1,2,5,6,9,10,27,33], 6[1,2,5,6,9,10,27,33]]
   00:00:00:00:00:09    00:00:00:00:00:11  [6[1,2,3,4,9,10,17,18,33,41]]
   00:00:00:00:00:09    00:00:00:00:00:02  [5[1,2,5,6,9,10,26,33], 6[1,2,5,6,9,10,26,33]]
   00:00:00:00:00:09    00:00:00:00:00:0f  [5[1,2,9,10,11,12,33,39], 6[1,2,9,10,11,12,33,39]]
   00:00:00:00:00:09    00:00:00:00:00:12  [6[1,2,3,4,9,10,17,18,33,42]]
   00:00:00:00:00:09    00:00:00:00:00:15  [6[1,2,3,4,9,10,17,18,33,45]]
   00:00:00:00:00:09    00:00:00:00:00:13  [6[1,2,3,4,9,10,17,18,33,43]]
   00:00:00:00:00:05    00:00:00:00:00:16  [6[1,2,3,4,7,8,13,14,19,29]]
   00:00:00:00:00:05    00:00:00:00:00:06  [3[7,8,29,30], 5[1,2,7,8,29,30,31,32], 6[1,2,7,8,29,30], 7[1,2,3,4,7,8,29,30]]
   00:00:00:00:00:05    00:00:00:00:00:07  [3[7,8,29,31], 5[1,2,7,8,29,30,31,32], 6[1,2,7,8,29,31], 7[1,2,3,4,7,8,29,31]]
   00:00:00:00:00:05    00:00:00:00:00:1b  [6[1,2,3,4,7,8,15,16,24,29]]
   00:00:00:00:00:05    00:00:00:00:00:17  [6[1,2,3,4,7,8,13,14,20,29]]
   00:00:00:00:00:05    00:00:00:00:00:09  [5[1,2,7,8,9,10,29,33], 6[1,2,7,8,9,10,29,33]]
   00:00:00:00:00:05    00:00:00:00:00:08  [3[7,8,29,32], 5[1,2,7,8,29,30,31,32], 6[1,2,7,8,29,32], 7[1,2,3,4,7,8,29,32]]
   00:00:00:00:00:05    00:00:00:00:00:04  [5[1,2,5,6,7,8,28,29], 6[1,2,5,6,7,8,28,29]]
   00:00:00:00:00:05    00:00:00:00:00:1a  [6[1,2,3,4,7,8,15,16,23,29]]
   00:00:00:00:00:05    00:00:00:00:00:10  [5[1,2,7,8,11,12,29,40], 6[1,2,7,8,11,12,29,40]]
   00:00:00:00:00:05    00:00:00:00:00:18  [6[1,2,3,4,7,8,13,14,21,29]]
   00:00:00:00:00:05    00:00:00:00:00:19  [6[1,2,3,4,7,8,15,16,22,29]]
   00:00:00:00:00:05    00:00:00:00:00:0e  [5[1,2,7,8,11,12,29,38], 6[1,2,7,8,11,12,29,38]]
   00:00:00:00:00:05    00:00:00:00:00:01  [5[1,2,5,6,7,8,25,29], 6[1,2,5,6,7,8,25,29]]
   00:00:00:00:00:05    00:00:00:00:00:14  [6[1,2,3,4,7,8,17,18,29,44]]
   00:00:00:00:00:05    00:00:00:00:00:0b  [5[1,2,7,8,9,10,29,35], 6[1,2,7,8,9,10,29,35]]
   00:00:00:00:00:05    00:00:00:00:00:0a  [5[1,2,7,8,9,10,29,34], 6[1,2,7,8,9,10,29,34]]
   00:00:00:00:00:05    00:00:00:00:00:0c  [5[1,2,7,8,9,10,29,36], 6[1,2,7,8,9,10,29,36]]
   00:00:00:00:00:05    00:00:00:00:00:0d  [5[1,2,7,8,11,12,29,37], 6[1,2,7,8,11,12,29,37]]
   00:00:00:00:00:05    00:00:00:00:00:03  [5[1,2,5,6,7,8,27,29], 6[1,2,5,6,7,8,27,29]]
   00:00:00:00:00:05    00:00:00:00:00:11  [6[1,2,3,4,7,8,17,18,29,41]]
   00:00:00:00:00:05    00:00:00:00:00:02  [5[1,2,5,6,7,8,26,29], 6[1,2,5,6,7,8,26,29]]
   00:00:00:00:00:05    00:00:00:00:00:0f  [5[1,2,7,8,11,12,29,39], 6[1,2,7,8,11,12,29,39]]
   00:00:00:00:00:05    00:00:00:00:00:12  [6[1,2,3,4,7,8,17,18,29,42]]
   00:00:00:00:00:05    00:00:00:00:00:15  [6[1,2,3,4,7,8,17,18,29,45]]
   00:00:00:00:00:05    00:00:00:00:00:13  [6[1,2,3,4,7,8,17,18,29,43]]
   00:00:00:00:00:08    00:00:00:00:00:16  [6[1,2,3,4,7,8,13,14,19,32]]
   00:00:00:00:00:08    00:00:00:00:00:06  [3[7,8,30,32], 5[1,2,7,8,29,30,31,32], 6[1,2,7,8,30,32], 7[1,2,3,4,7,8,30,32]]
   00:00:00:00:00:08    00:00:00:00:00:07  [3[7,8,31,32], 5[1,2,7,8,29,30,31,32], 6[1,2,7,8,31,32], 7[1,2,3,4,7,8,31,32]]
   00:00:00:00:00:08    00:00:00:00:00:1b  [6[1,2,3,4,7,8,15,16,24,32]]
   00:00:00:00:00:08    00:00:00:00:00:17  [6[1,2,3,4,7,8,13,14,20,32]]
   00:00:00:00:00:08    00:00:00:00:00:09  [5[1,2,7,8,9,10,32,33], 6[1,2,7,8,9,10,32,33]]
   00:00:00:00:00:08    00:00:00:00:00:05  [3[7,8,29,32], 5[1,2,7,8,29,30,31,32], 6[1,2,7,8,29,32], 7[1,2,3,4,7,8,29,32]]
   00:00:00:00:00:08    00:00:00:00:00:04  [5[1,2,5,6,7,8,28,32], 6[1,2,5,6,7,8,28,32]]
   00:00:00:00:00:08    00:00:00:00:00:1a  [6[1,2,3,4,7,8,15,16,23,32]]
   00:00:00:00:00:08    00:00:00:00:00:10  [5[1,2,7,8,11,12,32,40], 6[1,2,7,8,11,12,32,40]]
   00:00:00:00:00:08    00:00:00:00:00:18  [6[1,2,3,4,7,8,13,14,21,32]]
   00:00:00:00:00:08    00:00:00:00:00:19  [6[1,2,3,4,7,8,15,16,22,32]]
   00:00:00:00:00:08    00:00:00:00:00:0e  [5[1,2,7,8,11,12,32,38], 6[1,2,7,8,11,12,32,38]]
   00:00:00:00:00:08    00:00:00:00:00:01  [5[1,2,5,6,7,8,25,32], 6[1,2,5,6,7,8,25,32]]
   00:00:00:00:00:08    00:00:00:00:00:14  [6[1,2,3,4,7,8,17,18,32,44]]
   00:00:00:00:00:08    00:00:00:00:00:0b  [5[1,2,7,8,9,10,32,35], 6[1,2,7,8,9,10,32,35]]
   00:00:00:00:00:08    00:00:00:00:00:0a  [5[1,2,7,8,9,10,32,34], 6[1,2,7,8,9,10,32,34]]
   00:00:00:00:00:08    00:00:00:00:00:0c  [5[1,2,7,8,9,10,32,36], 6[1,2,7,8,9,10,32,36]]
   00:00:00:00:00:08    00:00:00:00:00:0d  [5[1,2,7,8,11,12,32,37], 6[1,2,7,8,11,12,32,37]]
   00:00:00:00:00:08    00:00:00:00:00:03  [5[1,2,5,6,7,8,27,32], 6[1,2,5,6,7,8,27,32]]
   00:00:00:00:00:08    00:00:00:00:00:11  [6[1,2,3,4,7,8,17,18,32,41]]
   00:00:00:00:00:08    00:00:00:00:00:02  [5[1,2,5,6,7,8,26,32], 6[1,2,5,6,7,8,26,32]]
   00:00:00:00:00:08    00:00:00:00:00:0f  [5[1,2,7,8,11,12,32,39], 6[1,2,7,8,11,12,32,39]]
   00:00:00:00:00:08    00:00:00:00:00:12  [6[1,2,3,4,7,8,17,18,32,42]]
   00:00:00:00:00:08    00:00:00:00:00:15  [6[1,2,3,4,7,8,17,18,32,45]]
   00:00:00:00:00:08    00:00:00:00:00:13  [6[1,2,3,4,7,8,17,18,32,43]]
   00:00:00:00:00:04    00:00:00:00:00:16  [6[1,2,3,4,5,6,13,14,19,28]]
   00:00:00:00:00:04    00:00:00:00:00:06  [5[1,2,5,6,7,8,28,30], 6[1,2,5,6,7,8,28,30]]
   00:00:00:00:00:04    00:00:00:00:00:07  [5[1,2,5,6,7,8,28,31], 6[1,2,5,6,7,8,28,31]]
   00:00:00:00:00:04    00:00:00:00:00:1b  [6[1,2,3,4,5,6,15,16,24,28]]
   00:00:00:00:00:04    00:00:00:00:00:17  [6[1,2,3,4,5,6,13,14,20,28]]
   00:00:00:00:00:04    00:00:00:00:00:09  [5[1,2,5,6,9,10,28,33], 6[1,2,5,6,9,10,28,33]]
   00:00:00:00:00:04    00:00:00:00:00:05  [5[1,2,5,6,7,8,28,29], 6[1,2,5,6,7,8,28,29]]
   00:00:00:00:00:04    00:00:00:00:00:08  [5[1,2,5,6,7,8,28,32], 6[1,2,5,6,7,8,28,32]]
   00:00:00:00:00:04    00:00:00:00:00:1a  [6[1,2,3,4,5,6,15,16,23,28]]
   00:00:00:00:00:04    00:00:00:00:00:10  [5[1,2,5,6,11,12,28,40], 6[1,2,5,6,11,12,28,40]]
   00:00:00:00:00:04    00:00:00:00:00:18  [6[1,2,3,4,5,6,13,14,21,28]]
   00:00:00:00:00:04    00:00:00:00:00:19  [6[1,2,3,4,5,6,15,16,22,28]]
   00:00:00:00:00:04    00:00:00:00:00:0e  [5[1,2,5,6,11,12,28,38], 6[1,2,5,6,11,12,28,38]]
   00:00:00:00:00:04    00:00:00:00:00:01  [3[5,6,25,28], 5[1,2,5,6,25,26,27,28], 6[1,2,5,6,25,28], 7[1,2,3,4,5,6,25,28]]
   00:00:00:00:00:04    00:00:00:00:00:14  [6[1,2,3,4,5,6,17,18,28,44]]
   00:00:00:00:00:04    00:00:00:00:00:0b  [5[1,2,5,6,9,10,28,35], 6[1,2,5,6,9,10,28,35]]
   00:00:00:00:00:04    00:00:00:00:00:0a  [5[1,2,5,6,9,10,28,34], 6[1,2,5,6,9,10,28,34]]
   00:00:00:00:00:04    00:00:00:00:00:0c  [5[1,2,5,6,9,10,28,36], 6[1,2,5,6,9,10,28,36]]
   00:00:00:00:00:04    00:00:00:00:00:0d  [5[1,2,5,6,11,12,28,37], 6[1,2,5,6,11,12,28,37]]
   00:00:00:00:00:04    00:00:00:00:00:03  [3[5,6,27,28], 5[1,2,5,6,25,26,27,28], 6[1,2,5,6,27,28], 7[1,2,3,4,5,6,27,28]]
   00:00:00:00:00:04    00:00:00:00:00:11  [6[1,2,3,4,5,6,17,18,28,41]]
   00:00:00:00:00:04    00:00:00:00:00:02  [3[5,6,26,28], 5[1,2,5,6,25,26,27,28], 6[1,2,5,6,26,28], 7[1,2,3,4,5,6,26,28]]
   00:00:00:00:00:04    00:00:00:00:00:0f  [5[1,2,5,6,11,12,28,39], 6[1,2,5,6,11,12,28,39]]
   00:00:00:00:00:04    00:00:00:00:00:12  [6[1,2,3,4,5,6,17,18,28,42]]
   00:00:00:00:00:04    00:00:00:00:00:15  [6[1,2,3,4,5,6,17,18,28,45]]
   00:00:00:00:00:04    00:00:00:00:00:13  [6[1,2,3,4,5,6,17,18,28,43]]
   00:00:00:00:00:1a    00:00:00:00:00:16  [5[3,4,13,14,15,16,19,23], 6[3,4,13,14,15,16,19,23]]
   00:00:00:00:00:1a    00:00:00:00:00:06  [6[1,2,3,4,7,8,15,16,23,30]]
   00:00:00:00:00:1a    00:00:00:00:00:07  [6[1,2,3,4,7,8,15,16,23,31]]
   00:00:00:00:00:1a    00:00:00:00:00:1b  [3[15,16,23,24], 5[3,4,15,16,22,23,24], 6[3,4,15,16,23,24], 7[1,2,3,4,13,14,15,16,23,24]]
   00:00:00:00:00:1a    00:00:00:00:00:17  [5[3,4,13,14,15,16,20,23], 6[3,4,13,14,15,16,20,23]]
   00:00:00:00:00:1a    00:00:00:00:00:09  [6[1,2,3,4,9,10,15,16,23,33]]
   00:00:00:00:00:1a    00:00:00:00:00:05  [6[1,2,3,4,7,8,15,16,23,29]]
   00:00:00:00:00:1a    00:00:00:00:00:08  [6[1,2,3,4,7,8,15,16,23,32]]
   00:00:00:00:00:1a    00:00:00:00:00:04  [6[1,2,3,4,5,6,15,16,23,28]]
   00:00:00:00:00:1a    00:00:00:00:00:10  [6[1,2,3,4,11,12,15,16,23,40]]
   00:00:00:00:00:1a    00:00:00:00:00:18  [5[3,4,13,14,15,16,21,23], 6[3,4,13,14,15,16,21,23]]
   00:00:00:00:00:1a    00:00:00:00:00:19  [3[15,16,22,23], 5[3,4,15,16,22,23,24], 6[3,4,15,16,22,23], 7[1,2,3,4,13,14,15,16,22,23]]
   00:00:00:00:00:1a    00:00:00:00:00:0e  [6[1,2,3,4,11,12,15,16,23,38]]
   00:00:00:00:00:1a    00:00:00:00:00:01  [6[1,2,3,4,5,6,15,16,23,25]]
   00:00:00:00:00:1a    00:00:00:00:00:14  [5[3,4,15,16,17,18,23,44], 6[3,4,15,16,17,18,23,44]]
   00:00:00:00:00:1a    00:00:00:00:00:0b  [6[1,2,3,4,9,10,15,16,23,35]]
   00:00:00:00:00:1a    00:00:00:00:00:0a  [6[1,2,3,4,9,10,15,16,23,34]]
   00:00:00:00:00:1a    00:00:00:00:00:0c  [6[1,2,3,4,9,10,15,16,23,36]]
   00:00:00:00:00:1a    00:00:00:00:00:0d  [6[1,2,3,4,11,12,15,16,23,37]]
   00:00:00:00:00:1a    00:00:00:00:00:03  [6[1,2,3,4,5,6,15,16,23,27]]
   00:00:00:00:00:1a    00:00:00:00:00:11  [5[3,4,15,16,17,18,23,41], 6[3,4,15,16,17,18,23,41]]
   00:00:00:00:00:1a    00:00:00:00:00:02  [6[1,2,3,4,5,6,15,16,23,26]]
   00:00:00:00:00:1a    00:00:00:00:00:0f  [6[1,2,3,4,11,12,15,16,23,39]]
   00:00:00:00:00:1a    00:00:00:00:00:12  [5[3,4,15,16,17,18,23,42], 6[3,4,15,16,17,18,23,42]]
   00:00:00:00:00:1a    00:00:00:00:00:15  [5[3,4,15,16,17,18,23,45], 6[3,4,15,16,17,18,23,45]]
   00:00:00:00:00:1a    00:00:00:00:00:13  [5[3,4,15,16,17,18,23,43], 6[3,4,15,16,17,18,23,43]]
   00:00:00:00:00:10    00:00:00:00:00:16  [6[1,2,3,4,11,12,13,14,19,40]]
   00:00:00:00:00:10    00:00:00:00:00:06  [5[1,2,7,8,11,12,30,40], 6[1,2,7,8,11,12,30,40]]
   00:00:00:00:00:10    00:00:00:00:00:07  [5[1,2,7,8,11,12,31,40], 6[1,2,7,8,11,12,31,40]]
   00:00:00:00:00:10    00:00:00:00:00:1b  [6[1,2,3,4,11,12,15,16,24,40]]
   00:00:00:00:00:10    00:00:00:00:00:17  [6[1,2,3,4,11,12,13,14,20,40]]
   00:00:00:00:00:10    00:00:00:00:00:09  [5[1,2,9,10,11,12,33,40], 6[1,2,9,10,11,12,33,40]]
   00:00:00:00:00:10    00:00:00:00:00:05  [5[1,2,7,8,11,12,29,40], 6[1,2,7,8,11,12,29,40]]
   00:00:00:00:00:10    00:00:00:00:00:08  [5[1,2,7,8,11,12,32,40], 6[1,2,7,8,11,12,32,40]]
   00:00:00:00:00:10    00:00:00:00:00:04  [5[1,2,5,6,11,12,28,40], 6[1,2,5,6,11,12,28,40]]
   00:00:00:00:00:10    00:00:00:00:00:1a  [6[1,2,3,4,11,12,15,16,23,40]]
   00:00:00:00:00:10    00:00:00:00:00:18  [6[1,2,3,4,11,12,13,14,21,40]]
   00:00:00:00:00:10    00:00:00:00:00:19  [6[1,2,3,4,11,12,15,16,22,40]]
   00:00:00:00:00:10    00:00:00:00:00:0e  [3[11,12,38,40], 5[1,2,11,12,37,38,39,40], 6[1,2,11,12,38,40], 7[1,2,3,4,11,12,38,40]]
   00:00:00:00:00:10    00:00:00:00:00:01  [5[1,2,5,6,11,12,25,40], 6[1,2,5,6,11,12,25,40]]
   00:00:00:00:00:10    00:00:00:00:00:14  [6[1,2,3,4,11,12,17,18,40,44]]
   00:00:00:00:00:10    00:00:00:00:00:0b  [5[1,2,9,10,11,12,35,40], 6[1,2,9,10,11,12,35,40]]
   00:00:00:00:00:10    00:00:00:00:00:0a  [5[1,2,9,10,11,12,34,40], 6[1,2,9,10,11,12,34,40]]
   00:00:00:00:00:10    00:00:00:00:00:0c  [5[1,2,9,10,11,12,36,40], 6[1,2,9,10,11,12,36,40]]
   00:00:00:00:00:10    00:00:00:00:00:0d  [3[11,12,37,40], 5[1,2,11,12,37,38,39,40], 6[1,2,11,12,37,40], 7[1,2,3,4,11,12,37,40]]
   00:00:00:00:00:10    00:00:00:00:00:03  [5[1,2,5,6,11,12,27,40], 6[1,2,5,6,11,12,27,40]]
   00:00:00:00:00:10    00:00:00:00:00:11  [6[1,2,3,4,11,12,17,18,40,41]]
   00:00:00:00:00:10    00:00:00:00:00:02  [5[1,2,5,6,11,12,26,40], 6[1,2,5,6,11,12,26,40]]
   00:00:00:00:00:10    00:00:00:00:00:0f  [3[11,12,39,40], 5[1,2,11,12,37,38,39,40], 6[1,2,11,12,39,40], 7[1,2,3,4,11,12,39,40]]
   00:00:00:00:00:10    00:00:00:00:00:12  [6[1,2,3,4,11,12,17,18,40,42]]
   00:00:00:00:00:10    00:00:00:00:00:15  [6[1,2,3,4,11,12,17,18,40,45]]
   00:00:00:00:00:10    00:00:00:00:00:13  [6[1,2,3,4,11,12,17,18,40,43]]
   00:00:00:00:00:18    00:00:00:00:00:16  [3[13,14,19,21], 5[3,4,13,14,19,20,21], 6[3,4,13,14,19,21], 7[1,2,3,4,13,14,15,16,19,21]]
   00:00:00:00:00:18    00:00:00:00:00:06  [6[1,2,3,4,7,8,13,14,21,30]]
   00:00:00:00:00:18    00:00:00:00:00:07  [6[1,2,3,4,7,8,13,14,21,31]]
   00:00:00:00:00:18    00:00:00:00:00:1b  [5[3,4,13,14,15,16,21,24], 6[3,4,13,14,15,16,21,24]]
   00:00:00:00:00:18    00:00:00:00:00:17  [3[13,14,20,21], 5[3,4,13,14,19,20,21], 6[3,4,13,14,20,21], 7[1,2,3,4,13,14,15,16,20,21]]
   00:00:00:00:00:18    00:00:00:00:00:09  [6[1,2,3,4,9,10,13,14,21,33]]
   00:00:00:00:00:18    00:00:00:00:00:05  [6[1,2,3,4,7,8,13,14,21,29]]
   00:00:00:00:00:18    00:00:00:00:00:08  [6[1,2,3,4,7,8,13,14,21,32]]
   00:00:00:00:00:18    00:00:00:00:00:04  [6[1,2,3,4,5,6,13,14,21,28]]
   00:00:00:00:00:18    00:00:00:00:00:1a  [5[3,4,13,14,15,16,21,23], 6[3,4,13,14,15,16,21,23]]
   00:00:00:00:00:18    00:00:00:00:00:10  [6[1,2,3,4,11,12,13,14,21,40]]
   00:00:00:00:00:18    00:00:00:00:00:19  [5[3,4,13,14,15,16,21,22], 6[3,4,13,14,15,16,21,22]]
   00:00:00:00:00:18    00:00:00:00:00:0e  [6[1,2,3,4,11,12,13,14,21,38]]
   00:00:00:00:00:18    00:00:00:00:00:01  [6[1,2,3,4,5,6,13,14,21,25]]
   00:00:00:00:00:18    00:00:00:00:00:14  [5[3,4,13,14,17,18,21,44], 6[3,4,13,14,17,18,21,44]]
   00:00:00:00:00:18    00:00:00:00:00:0b  [6[1,2,3,4,9,10,13,14,21,35]]
   00:00:00:00:00:18    00:00:00:00:00:0a  [6[1,2,3,4,9,10,13,14,21,34]]
   00:00:00:00:00:18    00:00:00:00:00:0c  [6[1,2,3,4,9,10,13,14,21,36]]
   00:00:00:00:00:18    00:00:00:00:00:0d  [6[1,2,3,4,11,12,13,14,21,37]]
   00:00:00:00:00:18    00:00:00:00:00:03  [6[1,2,3,4,5,6,13,14,21,27]]
   00:00:00:00:00:18    00:00:00:00:00:11  [5[3,4,13,14,17,18,21,41], 6[3,4,13,14,17,18,21,41]]
   00:00:00:00:00:18    00:00:00:00:00:02  [6[1,2,3,4,5,6,13,14,21,26]]
   00:00:00:00:00:18    00:00:00:00:00:0f  [6[1,2,3,4,11,12,13,14,21,39]]
   00:00:00:00:00:18    00:00:00:00:00:12  [5[3,4,13,14,17,18,21,42], 6[3,4,13,14,17,18,21,42]]
   00:00:00:00:00:18    00:00:00:00:00:15  [5[3,4,13,14,17,18,21,45], 6[3,4,13,14,17,18,21,45]]
   00:00:00:00:00:18    00:00:00:00:00:13  [5[3,4,13,14,17,18,21,43], 6[3,4,13,14,17,18,21,43]]
   00:00:00:00:00:19    00:00:00:00:00:16  [5[3,4,13,14,15,16,19,22], 6[3,4,13,14,15,16,19,22]]
   00:00:00:00:00:19    00:00:00:00:00:06  [6[1,2,3,4,7,8,15,16,22,30]]
   00:00:00:00:00:19    00:00:00:00:00:07  [6[1,2,3,4,7,8,15,16,22,31]]
   00:00:00:00:00:19    00:00:00:00:00:1b  [3[15,16,22,24], 5[3,4,15,16,22,23,24], 6[3,4,15,16,22,24], 7[1,2,3,4,13,14,15,16,22,24]]
   00:00:00:00:00:19    00:00:00:00:00:17  [5[3,4,13,14,15,16,20,22], 6[3,4,13,14,15,16,20,22]]
   00:00:00:00:00:19    00:00:00:00:00:09  [6[1,2,3,4,9,10,15,16,22,33]]
   00:00:00:00:00:19    00:00:00:00:00:05  [6[1,2,3,4,7,8,15,16,22,29]]
   00:00:00:00:00:19    00:00:00:00:00:08  [6[1,2,3,4,7,8,15,16,22,32]]
   00:00:00:00:00:19    00:00:00:00:00:04  [6[1,2,3,4,5,6,15,16,22,28]]
   00:00:00:00:00:19    00:00:00:00:00:1a  [3[15,16,22,23], 5[3,4,15,16,22,23,24], 6[3,4,15,16,22,23], 7[1,2,3,4,13,14,15,16,22,23]]
   00:00:00:00:00:19    00:00:00:00:00:10  [6[1,2,3,4,11,12,15,16,22,40]]
   00:00:00:00:00:19    00:00:00:00:00:18  [5[3,4,13,14,15,16,21,22], 6[3,4,13,14,15,16,21,22]]
   00:00:00:00:00:19    00:00:00:00:00:0e  [6[1,2,3,4,11,12,15,16,22,38]]
   00:00:00:00:00:19    00:00:00:00:00:01  [6[1,2,3,4,5,6,15,16,22,25]]
   00:00:00:00:00:19    00:00:00:00:00:14  [5[3,4,15,16,17,18,22,44], 6[3,4,15,16,17,18,22,44]]
   00:00:00:00:00:19    00:00:00:00:00:0b  [6[1,2,3,4,9,10,15,16,22,35]]
   00:00:00:00:00:19    00:00:00:00:00:0a  [6[1,2,3,4,9,10,15,16,22,34]]
   00:00:00:00:00:19    00:00:00:00:00:0c  [6[1,2,3,4,9,10,15,16,22,36]]
   00:00:00:00:00:19    00:00:00:00:00:0d  [6[1,2,3,4,11,12,15,16,22,37]]
   00:00:00:00:00:19    00:00:00:00:00:03  [6[1,2,3,4,5,6,15,16,22,27]]
   00:00:00:00:00:19    00:00:00:00:00:11  [5[3,4,15,16,17,18,22,41], 6[3,4,15,16,17,18,22,41]]
   00:00:00:00:00:19    00:00:00:00:00:02  [6[1,2,3,4,5,6,15,16,22,26]]
   00:00:00:00:00:19    00:00:00:00:00:0f  [6[1,2,3,4,11,12,15,16,22,39]]
   00:00:00:00:00:19    00:00:00:00:00:12  [5[3,4,15,16,17,18,22,42], 6[3,4,15,16,17,18,22,42]]
   00:00:00:00:00:19    00:00:00:00:00:15  [5[3,4,15,16,17,18,22,45], 6[3,4,15,16,17,18,22,45]]
   00:00:00:00:00:19    00:00:00:00:00:13  [5[3,4,15,16,17,18,22,43], 6[3,4,15,16,17,18,22,43]]
   00:00:00:00:00:0e    00:00:00:00:00:16  [6[1,2,3,4,11,12,13,14,19,38]]
   00:00:00:00:00:0e    00:00:00:00:00:06  [5[1,2,7,8,11,12,30,38], 6[1,2,7,8,11,12,30,38]]
   00:00:00:00:00:0e    00:00:00:00:00:07  [5[1,2,7,8,11,12,31,38], 6[1,2,7,8,11,12,31,38]]
   00:00:00:00:00:0e    00:00:00:00:00:1b  [6[1,2,3,4,11,12,15,16,24,38]]
   00:00:00:00:00:0e    00:00:00:00:00:17  [6[1,2,3,4,11,12,13,14,20,38]]
   00:00:00:00:00:0e    00:00:00:00:00:09  [5[1,2,9,10,11,12,33,38], 6[1,2,9,10,11,12,33,38]]
   00:00:00:00:00:0e    00:00:00:00:00:05  [5[1,2,7,8,11,12,29,38], 6[1,2,7,8,11,12,29,38]]
   00:00:00:00:00:0e    00:00:00:00:00:08  [5[1,2,7,8,11,12,32,38], 6[1,2,7,8,11,12,32,38]]
   00:00:00:00:00:0e    00:00:00:00:00:04  [5[1,2,5,6,11,12,28,38], 6[1,2,5,6,11,12,28,38]]
   00:00:00:00:00:0e    00:00:00:00:00:1a  [6[1,2,3,4,11,12,15,16,23,38]]
   00:00:00:00:00:0e    00:00:00:00:00:10  [3[11,12,38,40], 5[1,2,11,12,37,38,39,40], 6[1,2,11,12,38,40], 7[1,2,3,4,11,12,38,40]]
   00:00:00:00:00:0e    00:00:00:00:00:18  [6[1,2,3,4,11,12,13,14,21,38]]
   00:00:00:00:00:0e    00:00:00:00:00:19  [6[1,2,3,4,11,12,15,16,22,38]]
   00:00:00:00:00:0e    00:00:00:00:00:01  [5[1,2,5,6,11,12,25,38], 6[1,2,5,6,11,12,25,38]]
   00:00:00:00:00:0e    00:00:00:00:00:14  [6[1,2,3,4,11,12,17,18,38,44]]
   00:00:00:00:00:0e    00:00:00:00:00:0b  [5[1,2,9,10,11,12,35,38], 6[1,2,9,10,11,12,35,38]]
   00:00:00:00:00:0e    00:00:00:00:00:0a  [5[1,2,9,10,11,12,34,38], 6[1,2,9,10,11,12,34,38]]
   00:00:00:00:00:0e    00:00:00:00:00:0c  [5[1,2,9,10,11,12,36,38], 6[1,2,9,10,11,12,36,38]]
   00:00:00:00:00:0e    00:00:00:00:00:0d  [3[11,12,37,38], 5[1,2,11,12,37,38,39,40], 6[1,2,11,12,37,38], 7[1,2,3,4,11,12,37,38]]
   00:00:00:00:00:0e    00:00:00:00:00:03  [5[1,2,5,6,11,12,27,38], 6[1,2,5,6,11,12,27,38]]
   00:00:00:00:00:0e    00:00:00:00:00:11  [6[1,2,3,4,11,12,17,18,38,41]]
   00:00:00:00:00:0e    00:00:00:00:00:02  [5[1,2,5,6,11,12,26,38], 6[1,2,5,6,11,12,26,38]]
   00:00:00:00:00:0e    00:00:00:00:00:0f  [3[11,12,38,39], 5[1,2,11,12,37,38,39,40], 6[1,2,11,12,38,39], 7[1,2,3,4,11,12,38,39]]
   00:00:00:00:00:0e    00:00:00:00:00:12  [6[1,2,3,4,11,12,17,18,38,42]]
   00:00:00:00:00:0e    00:00:00:00:00:15  [6[1,2,3,4,11,12,17,18,38,45]]
   00:00:00:00:00:0e    00:00:00:00:00:13  [6[1,2,3,4,11,12,17,18,38,43]]
   00:00:00:00:00:01    00:00:00:00:00:16  [6[1,2,3,4,5,6,13,14,19,25]]
   00:00:00:00:00:01    00:00:00:00:00:06  [5[1,2,5,6,7,8,25,30], 6[1,2,5,6,7,8,25,30]]
   00:00:00:00:00:01    00:00:00:00:00:07  [5[1,2,5,6,7,8,25,31], 6[1,2,5,6,7,8,25,31]]
   00:00:00:00:00:01    00:00:00:00:00:1b  [6[1,2,3,4,5,6,15,16,24,25]]
   00:00:00:00:00:01    00:00:00:00:00:17  [6[1,2,3,4,5,6,13,14,20,25]]
   00:00:00:00:00:01    00:00:00:00:00:09  [5[1,2,5,6,9,10,25,33], 6[1,2,5,6,9,10,25,33]]
   00:00:00:00:00:01    00:00:00:00:00:05  [5[1,2,5,6,7,8,25,29], 6[1,2,5,6,7,8,25,29]]
   00:00:00:00:00:01    00:00:00:00:00:08  [5[1,2,5,6,7,8,25,32], 6[1,2,5,6,7,8,25,32]]
   00:00:00:00:00:01    00:00:00:00:00:04  [3[5,6,25,28], 5[1,2,5,6,25,26,27,28], 6[1,2,5,6,25,28], 7[1,2,3,4,5,6,25,28]]
   00:00:00:00:00:01    00:00:00:00:00:1a  [6[1,2,3,4,5,6,15,16,23,25]]
   00:00:00:00:00:01    00:00:00:00:00:10  [5[1,2,5,6,11,12,25,40], 6[1,2,5,6,11,12,25,40]]
   00:00:00:00:00:01    00:00:00:00:00:18  [6[1,2,3,4,5,6,13,14,21,25]]
   00:00:00:00:00:01    00:00:00:00:00:19  [6[1,2,3,4,5,6,15,16,22,25]]
   00:00:00:00:00:01    00:00:00:00:00:0e  [5[1,2,5,6,11,12,25,38], 6[1,2,5,6,11,12,25,38]]
   00:00:00:00:00:01    00:00:00:00:00:14  [6[1,2,3,4,5,6,17,18,25,44]]
   00:00:00:00:00:01    00:00:00:00:00:0b  [5[1,2,5,6,9,10,25,35], 6[1,2,5,6,9,10,25,35]]
   00:00:00:00:00:01    00:00:00:00:00:0a  [5[1,2,5,6,9,10,25,34], 6[1,2,5,6,9,10,25,34]]
   00:00:00:00:00:01    00:00:00:00:00:0c  [5[1,2,5,6,9,10,25,36], 6[1,2,5,6,9,10,25,36]]
   00:00:00:00:00:01    00:00:00:00:00:0d  [5[1,2,5,6,11,12,25,37], 6[1,2,5,6,11,12,25,37]]
   00:00:00:00:00:01    00:00:00:00:00:03  [3[5,6,25,27], 5[1,2,5,6,25,26,27,28], 6[1,2,5,6,25,27], 7[1,2,3,4,5,6,25,27]]
   00:00:00:00:00:01    00:00:00:00:00:11  [6[1,2,3,4,5,6,17,18,25,41]]
   00:00:00:00:00:01    00:00:00:00:00:02  [3[5,6,25,26], 5[1,2,5,6,25,26,27,28], 6[1,2,5,6,25,26], 7[1,2,3,4,5,6,25,26]]
   00:00:00:00:00:01    00:00:00:00:00:0f  [5[1,2,5,6,11,12,25,39], 6[1,2,5,6,11,12,25,39]]
   00:00:00:00:00:01    00:00:00:00:00:12  [6[1,2,3,4,5,6,17,18,25,42]]
   00:00:00:00:00:01    00:00:00:00:00:15  [6[1,2,3,4,5,6,17,18,25,45]]
   00:00:00:00:00:01    00:00:00:00:00:13  [6[1,2,3,4,5,6,17,18,25,43]]
   00:00:00:00:00:14    00:00:00:00:00:16  [5[3,4,13,14,17,18,19,44], 6[3,4,13,14,17,18,19,44]]
   00:00:00:00:00:14    00:00:00:00:00:06  [6[1,2,3,4,7,8,17,18,30,44]]
   00:00:00:00:00:14    00:00:00:00:00:07  [6[1,2,3,4,7,8,17,18,31,44]]
   00:00:00:00:00:14    00:00:00:00:00:1b  [5[3,4,15,16,17,18,24,44], 6[3,4,15,16,17,18,24,44]]
   00:00:00:00:00:14    00:00:00:00:00:17  [5[3,4,13,14,17,18,20,44], 6[3,4,13,14,17,18,20,44]]
   00:00:00:00:00:14    00:00:00:00:00:09  [6[1,2,3,4,9,10,17,18,33,44]]
   00:00:00:00:00:14    00:00:00:00:00:05  [6[1,2,3,4,7,8,17,18,29,44]]
   00:00:00:00:00:14    00:00:00:00:00:08  [6[1,2,3,4,7,8,17,18,32,44]]
   00:00:00:00:00:14    00:00:00:00:00:04  [6[1,2,3,4,5,6,17,18,28,44]]
   00:00:00:00:00:14    00:00:00:00:00:1a  [5[3,4,15,16,17,18,23,44], 6[3,4,15,16,17,18,23,44]]
   00:00:00:00:00:14    00:00:00:00:00:10  [6[1,2,3,4,11,12,17,18,40,44]]
   00:00:00:00:00:14    00:00:00:00:00:18  [5[3,4,13,14,17,18,21,44], 6[3,4,13,14,17,18,21,44]]
   00:00:00:00:00:14    00:00:00:00:00:19  [5[3,4,15,16,17,18,22,44], 6[3,4,15,16,17,18,22,44]]
   00:00:00:00:00:14    00:00:00:00:00:0e  [6[1,2,3,4,11,12,17,18,38,44]]
   00:00:00:00:00:14    00:00:00:00:00:01  [6[1,2,3,4,5,6,17,18,25,44]]
   00:00:00:00:00:14    00:00:00:00:00:0b  [6[1,2,3,4,9,10,17,18,35,44]]
   00:00:00:00:00:14    00:00:00:00:00:0a  [6[1,2,3,4,9,10,17,18,34,44]]
   00:00:00:00:00:14    00:00:00:00:00:0c  [6[1,2,3,4,9,10,17,18,36,44]]
   00:00:00:00:00:14    00:00:00:00:00:0d  [6[1,2,3,4,11,12,17,18,37,44]]
   00:00:00:00:00:14    00:00:00:00:00:03  [6[1,2,3,4,5,6,17,18,27,44]]
   00:00:00:00:00:14    00:00:00:00:00:11  [3[17,18,41,44], 5[3,4,17,18,41,42,43,44,45], 6[3,4,17,18,41,44]]
   00:00:00:00:00:14    00:00:00:00:00:02  [6[1,2,3,4,5,6,17,18,26,44]]
   00:00:00:00:00:14    00:00:00:00:00:0f  [6[1,2,3,4,11,12,17,18,39,44]]
   00:00:00:00:00:14    00:00:00:00:00:12  [3[17,18,42,44], 5[3,4,17,18,41,42,43,44,45], 6[3,4,17,18,42,44]]
   00:00:00:00:00:14    00:00:00:00:00:15  [3[17,18,44,45], 5[3,4,17,18,41,42,43,44,45], 6[3,4,17,18,44,45]]
   00:00:00:00:00:14    00:00:00:00:00:13  [3[17,18,43,44], 5[3,4,17,18,41,42,43,44,45], 6[3,4,17,18,43,44]]
   00:00:00:00:00:0b    00:00:00:00:00:16  [6[1,2,3,4,9,10,13,14,19,35]]
   00:00:00:00:00:0b    00:00:00:00:00:06  [5[1,2,7,8,9,10,30,35], 6[1,2,7,8,9,10,30,35]]
   00:00:00:00:00:0b    00:00:00:00:00:07  [5[1,2,7,8,9,10,31,35], 6[1,2,7,8,9,10,31,35]]
   00:00:00:00:00:0b    00:00:00:00:00:1b  [6[1,2,3,4,9,10,15,16,24,35]]
   00:00:00:00:00:0b    00:00:00:00:00:17  [6[1,2,3,4,9,10,13,14,20,35]]
   00:00:00:00:00:0b    00:00:00:00:00:09  [3[9,10,33,35], 5[1,2,9,10,33,34,35,36], 6[1,2,9,10,33,35], 7[1,2,3,4,9,10,33,35]]
   00:00:00:00:00:0b    00:00:00:00:00:05  [5[1,2,7,8,9,10,29,35], 6[1,2,7,8,9,10,29,35]]
   00:00:00:00:00:0b    00:00:00:00:00:08  [5[1,2,7,8,9,10,32,35], 6[1,2,7,8,9,10,32,35]]
   00:00:00:00:00:0b    00:00:00:00:00:04  [5[1,2,5,6,9,10,28,35], 6[1,2,5,6,9,10,28,35]]
   00:00:00:00:00:0b    00:00:00:00:00:1a  [6[1,2,3,4,9,10,15,16,23,35]]
   00:00:00:00:00:0b    00:00:00:00:00:10  [5[1,2,9,10,11,12,35,40], 6[1,2,9,10,11,12,35,40]]
   00:00:00:00:00:0b    00:00:00:00:00:18  [6[1,2,3,4,9,10,13,14,21,35]]
   00:00:00:00:00:0b    00:00:00:00:00:19  [6[1,2,3,4,9,10,15,16,22,35]]
   00:00:00:00:00:0b    00:00:00:00:00:0e  [5[1,2,9,10,11,12,35,38], 6[1,2,9,10,11,12,35,38]]
   00:00:00:00:00:0b    00:00:00:00:00:01  [5[1,2,5,6,9,10,25,35], 6[1,2,5,6,9,10,25,35]]
   00:00:00:00:00:0b    00:00:00:00:00:14  [6[1,2,3,4,9,10,17,18,35,44]]
   00:00:00:00:00:0b    00:00:00:00:00:0a  [3[9,10,34,35], 5[1,2,9,10,33,34,35,36], 6[1,2,9,10,34,35], 7[1,2,3,4,9,10,34,35]]
   00:00:00:00:00:0b    00:00:00:00:00:0c  [3[9,10,35,36], 5[1,2,9,10,33,34,35,36], 6[1,2,9,10,35,36], 7[1,2,3,4,9,10,35,36]]
   00:00:00:00:00:0b    00:00:00:00:00:0d  [5[1,2,9,10,11,12,35,37], 6[1,2,9,10,11,12,35,37]]
   00:00:00:00:00:0b    00:00:00:00:00:03  [5[1,2,5,6,9,10,27,35], 6[1,2,5,6,9,10,27,35]]
   00:00:00:00:00:0b    00:00:00:00:00:11  [6[1,2,3,4,9,10,17,18,35,41]]
   00:00:00:00:00:0b    00:00:00:00:00:02  [5[1,2,5,6,9,10,26,35], 6[1,2,5,6,9,10,26,35]]
   00:00:00:00:00:0b    00:00:00:00:00:0f  [5[1,2,9,10,11,12,35,39], 6[1,2,9,10,11,12,35,39]]
   00:00:00:00:00:0b    00:00:00:00:00:12  [6[1,2,3,4,9,10,17,18,35,42]]
   00:00:00:00:00:0b    00:00:00:00:00:15  [6[1,2,3,4,9,10,17,18,35,45]]
   00:00:00:00:00:0b    00:00:00:00:00:13  [6[1,2,3,4,9,10,17,18,35,43]]
   00:00:00:00:00:0a    00:00:00:00:00:16  [6[1,2,3,4,9,10,13,14,19,34]]
   00:00:00:00:00:0a    00:00:00:00:00:06  [5[1,2,7,8,9,10,30,34], 6[1,2,7,8,9,10,30,34]]
   00:00:00:00:00:0a    00:00:00:00:00:07  [5[1,2,7,8,9,10,31,34], 6[1,2,7,8,9,10,31,34]]
   00:00:00:00:00:0a    00:00:00:00:00:1b  [6[1,2,3,4,9,10,15,16,24,34]]
   00:00:00:00:00:0a    00:00:00:00:00:17  [6[1,2,3,4,9,10,13,14,20,34]]
   00:00:00:00:00:0a    00:00:00:00:00:09  [3[9,10,33,34], 5[1,2,9,10,33,34,35,36], 6[1,2,9,10,33,34], 7[1,2,3,4,9,10,33,34]]
   00:00:00:00:00:0a    00:00:00:00:00:05  [5[1,2,7,8,9,10,29,34], 6[1,2,7,8,9,10,29,34]]
   00:00:00:00:00:0a    00:00:00:00:00:08  [5[1,2,7,8,9,10,32,34], 6[1,2,7,8,9,10,32,34]]
   00:00:00:00:00:0a    00:00:00:00:00:04  [5[1,2,5,6,9,10,28,34], 6[1,2,5,6,9,10,28,34]]
   00:00:00:00:00:0a    00:00:00:00:00:1a  [6[1,2,3,4,9,10,15,16,23,34]]
   00:00:00:00:00:0a    00:00:00:00:00:10  [5[1,2,9,10,11,12,34,40], 6[1,2,9,10,11,12,34,40]]
   00:00:00:00:00:0a    00:00:00:00:00:18  [6[1,2,3,4,9,10,13,14,21,34]]
   00:00:00:00:00:0a    00:00:00:00:00:19  [6[1,2,3,4,9,10,15,16,22,34]]
   00:00:00:00:00:0a    00:00:00:00:00:0e  [5[1,2,9,10,11,12,34,38], 6[1,2,9,10,11,12,34,38]]
   00:00:00:00:00:0a    00:00:00:00:00:01  [5[1,2,5,6,9,10,25,34], 6[1,2,5,6,9,10,25,34]]
   00:00:00:00:00:0a    00:00:00:00:00:14  [6[1,2,3,4,9,10,17,18,34,44]]
   00:00:00:00:00:0a    00:00:00:00:00:0b  [3[9,10,34,35], 5[1,2,9,10,33,34,35,36], 6[1,2,9,10,34,35], 7[1,2,3,4,9,10,34,35]]
   00:00:00:00:00:0a    00:00:00:00:00:0c  [3[9,10,34,36], 5[1,2,9,10,33,34,35,36], 6[1,2,9,10,34,36], 7[1,2,3,4,9,10,34,36]]
   00:00:00:00:00:0a    00:00:00:00:00:0d  [5[1,2,9,10,11,12,34,37], 6[1,2,9,10,11,12,34,37]]
   00:00:00:00:00:0a    00:00:00:00:00:03  [5[1,2,5,6,9,10,27,34], 6[1,2,5,6,9,10,27,34]]
   00:00:00:00:00:0a    00:00:00:00:00:11  [6[1,2,3,4,9,10,17,18,34,41]]
   00:00:00:00:00:0a    00:00:00:00:00:02  [5[1,2,5,6,9,10,26,34], 6[1,2,5,6,9,10,26,34]]
   00:00:00:00:00:0a    00:00:00:00:00:0f  [5[1,2,9,10,11,12,34,39], 6[1,2,9,10,11,12,34,39]]
   00:00:00:00:00:0a    00:00:00:00:00:12  [6[1,2,3,4,9,10,17,18,34,42]]
   00:00:00:00:00:0a    00:00:00:00:00:15  [6[1,2,3,4,9,10,17,18,34,45]]
   00:00:00:00:00:0a    00:00:00:00:00:13  [6[1,2,3,4,9,10,17,18,34,43]]
   00:00:00:00:00:0c    00:00:00:00:00:16  [6[1,2,3,4,9,10,13,14,19,36]]
   00:00:00:00:00:0c    00:00:00:00:00:06  [5[1,2,7,8,9,10,30,36], 6[1,2,7,8,9,10,30,36]]
   00:00:00:00:00:0c    00:00:00:00:00:07  [5[1,2,7,8,9,10,31,36], 6[1,2,7,8,9,10,31,36]]
   00:00:00:00:00:0c    00:00:00:00:00:1b  [6[1,2,3,4,9,10,15,16,24,36]]
   00:00:00:00:00:0c    00:00:00:00:00:17  [6[1,2,3,4,9,10,13,14,20,36]]
   00:00:00:00:00:0c    00:00:00:00:00:09  [3[9,10,33,36], 5[1,2,9,10,33,34,35,36], 6[1,2,9,10,33,36], 7[1,2,3,4,9,10,33,36]]
   00:00:00:00:00:0c    00:00:00:00:00:05  [5[1,2,7,8,9,10,29,36], 6[1,2,7,8,9,10,29,36]]
   00:00:00:00:00:0c    00:00:00:00:00:08  [5[1,2,7,8,9,10,32,36], 6[1,2,7,8,9,10,32,36]]
   00:00:00:00:00:0c    00:00:00:00:00:04  [5[1,2,5,6,9,10,28,36], 6[1,2,5,6,9,10,28,36]]
   00:00:00:00:00:0c    00:00:00:00:00:1a  [6[1,2,3,4,9,10,15,16,23,36]]
   00:00:00:00:00:0c    00:00:00:00:00:10  [5[1,2,9,10,11,12,36,40], 6[1,2,9,10,11,12,36,40]]
   00:00:00:00:00:0c    00:00:00:00:00:18  [6[1,2,3,4,9,10,13,14,21,36]]
   00:00:00:00:00:0c    00:00:00:00:00:19  [6[1,2,3,4,9,10,15,16,22,36]]
   00:00:00:00:00:0c    00:00:00:00:00:0e  [5[1,2,9,10,11,12,36,38], 6[1,2,9,10,11,12,36,38]]
   00:00:00:00:00:0c    00:00:00:00:00:01  [5[1,2,5,6,9,10,25,36], 6[1,2,5,6,9,10,25,36]]
   00:00:00:00:00:0c    00:00:00:00:00:14  [6[1,2,3,4,9,10,17,18,36,44]]
   00:00:00:00:00:0c    00:00:00:00:00:0b  [3[9,10,35,36], 5[1,2,9,10,33,34,35,36], 6[1,2,9,10,35,36], 7[1,2,3,4,9,10,35,36]]
   00:00:00:00:00:0c    00:00:00:00:00:0a  [3[9,10,34,36], 5[1,2,9,10,33,34,35,36], 6[1,2,9,10,34,36], 7[1,2,3,4,9,10,34,36]]
   00:00:00:00:00:0c    00:00:00:00:00:0d  [5[1,2,9,10,11,12,36,37], 6[1,2,9,10,11,12,36,37]]
   00:00:00:00:00:0c    00:00:00:00:00:03  [5[1,2,5,6,9,10,27,36], 6[1,2,5,6,9,10,27,36]]
   00:00:00:00:00:0c    00:00:00:00:00:11  [6[1,2,3,4,9,10,17,18,36,41]]
   00:00:00:00:00:0c    00:00:00:00:00:02  [5[1,2,5,6,9,10,26,36], 6[1,2,5,6,9,10,26,36]]
   00:00:00:00:00:0c    00:00:00:00:00:0f  [5[1,2,9,10,11,12,36,39], 6[1,2,9,10,11,12,36,39]]
   00:00:00:00:00:0c    00:00:00:00:00:12  [6[1,2,3,4,9,10,17,18,36,42]]
   00:00:00:00:00:0c    00:00:00:00:00:15  [6[1,2,3,4,9,10,17,18,36,45]]
   00:00:00:00:00:0c    00:00:00:00:00:13  [6[1,2,3,4,9,10,17,18,36,43]]
   00:00:00:00:00:0d    00:00:00:00:00:16  [6[1,2,3,4,11,12,13,14,19,37]]
   00:00:00:00:00:0d    00:00:00:00:00:06  [5[1,2,7,8,11,12,30,37], 6[1,2,7,8,11,12,30,37]]
   00:00:00:00:00:0d    00:00:00:00:00:07  [5[1,2,7,8,11,12,31,37], 6[1,2,7,8,11,12,31,37]]
   00:00:00:00:00:0d    00:00:00:00:00:1b  [6[1,2,3,4,11,12,15,16,24,37]]
   00:00:00:00:00:0d    00:00:00:00:00:17  [6[1,2,3,4,11,12,13,14,20,37]]
   00:00:00:00:00:0d    00:00:00:00:00:09  [5[1,2,9,10,11,12,33,37], 6[1,2,9,10,11,12,33,37]]
   00:00:00:00:00:0d    00:00:00:00:00:05  [5[1,2,7,8,11,12,29,37], 6[1,2,7,8,11,12,29,37]]
   00:00:00:00:00:0d    00:00:00:00:00:08  [5[1,2,7,8,11,12,32,37], 6[1,2,7,8,11,12,32,37]]
   00:00:00:00:00:0d    00:00:00:00:00:04  [5[1,2,5,6,11,12,28,37], 6[1,2,5,6,11,12,28,37]]
   00:00:00:00:00:0d    00:00:00:00:00:1a  [6[1,2,3,4,11,12,15,16,23,37]]
   00:00:00:00:00:0d    00:00:00:00:00:10  [3[11,12,37,40], 5[1,2,11,12,37,38,39,40], 6[1,2,11,12,37,40], 7[1,2,3,4,11,12,37,40]]
   00:00:00:00:00:0d    00:00:00:00:00:18  [6[1,2,3,4,11,12,13,14,21,37]]
   00:00:00:00:00:0d    00:00:00:00:00:19  [6[1,2,3,4,11,12,15,16,22,37]]
   00:00:00:00:00:0d    00:00:00:00:00:0e  [3[11,12,37,38], 5[1,2,11,12,37,38,39,40], 6[1,2,11,12,37,38], 7[1,2,3,4,11,12,37,38]]
   00:00:00:00:00:0d    00:00:00:00:00:01  [5[1,2,5,6,11,12,25,37], 6[1,2,5,6,11,12,25,37]]
   00:00:00:00:00:0d    00:00:00:00:00:14  [6[1,2,3,4,11,12,17,18,37,44]]
   00:00:00:00:00:0d    00:00:00:00:00:0b  [5[1,2,9,10,11,12,35,37], 6[1,2,9,10,11,12,35,37]]
   00:00:00:00:00:0d    00:00:00:00:00:0a  [5[1,2,9,10,11,12,34,37], 6[1,2,9,10,11,12,34,37]]
   00:00:00:00:00:0d    00:00:00:00:00:0c  [5[1,2,9,10,11,12,36,37], 6[1,2,9,10,11,12,36,37]]
   00:00:00:00:00:0d    00:00:00:00:00:03  [5[1,2,5,6,11,12,27,37], 6[1,2,5,6,11,12,27,37]]
   00:00:00:00:00:0d    00:00:00:00:00:11  [6[1,2,3,4,11,12,17,18,37,41]]
   00:00:00:00:00:0d    00:00:00:00:00:02  [5[1,2,5,6,11,12,26,37], 6[1,2,5,6,11,12,26,37]]
   00:00:00:00:00:0d    00:00:00:00:00:0f  [3[11,12,37,39], 5[1,2,11,12,37,38,39,40], 6[1,2,11,12,37,39], 7[1,2,3,4,11,12,37,39]]
   00:00:00:00:00:0d    00:00:00:00:00:12  [6[1,2,3,4,11,12,17,18,37,42]]
   00:00:00:00:00:0d    00:00:00:00:00:15  [6[1,2,3,4,11,12,17,18,37,45]]
   00:00:00:00:00:0d    00:00:00:00:00:13  [6[1,2,3,4,11,12,17,18,37,43]]
   00:00:00:00:00:03    00:00:00:00:00:16  [6[1,2,3,4,5,6,13,14,19,27]]
   00:00:00:00:00:03    00:00:00:00:00:06  [5[1,2,5,6,7,8,27,30], 6[1,2,5,6,7,8,27,30]]
   00:00:00:00:00:03    00:00:00:00:00:07  [5[1,2,5,6,7,8,27,31], 6[1,2,5,6,7,8,27,31]]
   00:00:00:00:00:03    00:00:00:00:00:1b  [6[1,2,3,4,5,6,15,16,24,27]]
   00:00:00:00:00:03    00:00:00:00:00:17  [6[1,2,3,4,5,6,13,14,20,27]]
   00:00:00:00:00:03    00:00:00:00:00:09  [5[1,2,5,6,9,10,27,33], 6[1,2,5,6,9,10,27,33]]
   00:00:00:00:00:03    00:00:00:00:00:05  [5[1,2,5,6,7,8,27,29], 6[1,2,5,6,7,8,27,29]]
   00:00:00:00:00:03    00:00:00:00:00:08  [5[1,2,5,6,7,8,27,32], 6[1,2,5,6,7,8,27,32]]
   00:00:00:00:00:03    00:00:00:00:00:04  [3[5,6,27,28], 5[1,2,5,6,25,26,27,28], 6[1,2,5,6,27,28], 7[1,2,3,4,5,6,27,28]]
   00:00:00:00:00:03    00:00:00:00:00:1a  [6[1,2,3,4,5,6,15,16,23,27]]
   00:00:00:00:00:03    00:00:00:00:00:10  [5[1,2,5,6,11,12,27,40], 6[1,2,5,6,11,12,27,40]]
   00:00:00:00:00:03    00:00:00:00:00:18  [6[1,2,3,4,5,6,13,14,21,27]]
   00:00:00:00:00:03    00:00:00:00:00:19  [6[1,2,3,4,5,6,15,16,22,27]]
   00:00:00:00:00:03    00:00:00:00:00:0e  [5[1,2,5,6,11,12,27,38], 6[1,2,5,6,11,12,27,38]]
   00:00:00:00:00:03    00:00:00:00:00:01  [3[5,6,25,27], 5[1,2,5,6,25,26,27,28], 6[1,2,5,6,25,27], 7[1,2,3,4,5,6,25,27]]
   00:00:00:00:00:03    00:00:00:00:00:14  [6[1,2,3,4,5,6,17,18,27,44]]
   00:00:00:00:00:03    00:00:00:00:00:0b  [5[1,2,5,6,9,10,27,35], 6[1,2,5,6,9,10,27,35]]
   00:00:00:00:00:03    00:00:00:00:00:0a  [5[1,2,5,6,9,10,27,34], 6[1,2,5,6,9,10,27,34]]
   00:00:00:00:00:03    00:00:00:00:00:0c  [5[1,2,5,6,9,10,27,36], 6[1,2,5,6,9,10,27,36]]
   00:00:00:00:00:03    00:00:00:00:00:0d  [5[1,2,5,6,11,12,27,37], 6[1,2,5,6,11,12,27,37]]
   00:00:00:00:00:03    00:00:00:00:00:11  [6[1,2,3,4,5,6,17,18,27,41]]
   00:00:00:00:00:03    00:00:00:00:00:02  [3[5,6,26,27], 5[1,2,5,6,25,26,27,28], 6[1,2,5,6,26,27], 7[1,2,3,4,5,6,26,27]]
   00:00:00:00:00:03    00:00:00:00:00:0f  [5[1,2,5,6,11,12,27,39], 6[1,2,5,6,11,12,27,39]]
   00:00:00:00:00:03    00:00:00:00:00:12  [6[1,2,3,4,5,6,17,18,27,42]]
   00:00:00:00:00:03    00:00:00:00:00:15  [6[1,2,3,4,5,6,17,18,27,45]]
   00:00:00:00:00:03    00:00:00:00:00:13  [6[1,2,3,4,5,6,17,18,27,43]]
   00:00:00:00:00:11    00:00:00:00:00:16  [5[3,4,13,14,17,18,19,41], 6[3,4,13,14,17,18,19,41]]
   00:00:00:00:00:11    00:00:00:00:00:06  [6[1,2,3,4,7,8,17,18,30,41]]
   00:00:00:00:00:11    00:00:00:00:00:07  [6[1,2,3,4,7,8,17,18,31,41]]
   00:00:00:00:00:11    00:00:00:00:00:1b  [5[3,4,15,16,17,18,24,41], 6[3,4,15,16,17,18,24,41]]
   00:00:00:00:00:11    00:00:00:00:00:17  [5[3,4,13,14,17,18,20,41], 6[3,4,13,14,17,18,20,41]]
   00:00:00:00:00:11    00:00:00:00:00:09  [6[1,2,3,4,9,10,17,18,33,41]]
   00:00:00:00:00:11    00:00:00:00:00:05  [6[1,2,3,4,7,8,17,18,29,41]]
   00:00:00:00:00:11    00:00:00:00:00:08  [6[1,2,3,4,7,8,17,18,32,41]]
   00:00:00:00:00:11    00:00:00:00:00:04  [6[1,2,3,4,5,6,17,18,28,41]]
   00:00:00:00:00:11    00:00:00:00:00:1a  [5[3,4,15,16,17,18,23,41], 6[3,4,15,16,17,18,23,41]]
   00:00:00:00:00:11    00:00:00:00:00:10  [6[1,2,3,4,11,12,17,18,40,41]]
   00:00:00:00:00:11    00:00:00:00:00:18  [5[3,4,13,14,17,18,21,41], 6[3,4,13,14,17,18,21,41]]
   00:00:00:00:00:11    00:00:00:00:00:19  [5[3,4,15,16,17,18,22,41], 6[3,4,15,16,17,18,22,41]]
   00:00:00:00:00:11    00:00:00:00:00:0e  [6[1,2,3,4,11,12,17,18,38,41]]
   00:00:00:00:00:11    00:00:00:00:00:01  [6[1,2,3,4,5,6,17,18,25,41]]
   00:00:00:00:00:11    00:00:00:00:00:14  [3[17,18,41,44], 5[3,4,17,18,41,42,43,44,45], 6[3,4,17,18,41,44]]
   00:00:00:00:00:11    00:00:00:00:00:0b  [6[1,2,3,4,9,10,17,18,35,41]]
   00:00:00:00:00:11    00:00:00:00:00:0a  [6[1,2,3,4,9,10,17,18,34,41]]
   00:00:00:00:00:11    00:00:00:00:00:0c  [6[1,2,3,4,9,10,17,18,36,41]]
   00:00:00:00:00:11    00:00:00:00:00:0d  [6[1,2,3,4,11,12,17,18,37,41]]
   00:00:00:00:00:11    00:00:00:00:00:03  [6[1,2,3,4,5,6,17,18,27,41]]
   00:00:00:00:00:11    00:00:00:00:00:02  [6[1,2,3,4,5,6,17,18,26,41]]
   00:00:00:00:00:11    00:00:00:00:00:0f  [6[1,2,3,4,11,12,17,18,39,41]]
   00:00:00:00:00:11    00:00:00:00:00:12  [3[17,18,41,42], 5[3,4,17,18,41,42,43,44,45], 6[3,4,17,18,41,42]]
   00:00:00:00:00:11    00:00:00:00:00:15  [3[17,18,41,45], 5[3,4,17,18,41,42,43,44,45], 6[3,4,17,18,41,45]]
   00:00:00:00:00:11    00:00:00:00:00:13  [3[17,18,41,43], 5[3,4,17,18,41,42,43,44,45], 6[3,4,17,18,41,43]]
   00:00:00:00:00:02    00:00:00:00:00:16  [6[1,2,3,4,5,6,13,14,19,26]]
   00:00:00:00:00:02    00:00:00:00:00:06  [5[1,2,5,6,7,8,26,30], 6[1,2,5,6,7,8,26,30]]
   00:00:00:00:00:02    00:00:00:00:00:07  [5[1,2,5,6,7,8,26,31], 6[1,2,5,6,7,8,26,31]]
   00:00:00:00:00:02    00:00:00:00:00:1b  [6[1,2,3,4,5,6,15,16,24,26]]
   00:00:00:00:00:02    00:00:00:00:00:17  [6[1,2,3,4,5,6,13,14,20,26]]
   00:00:00:00:00:02    00:00:00:00:00:09  [5[1,2,5,6,9,10,26,33], 6[1,2,5,6,9,10,26,33]]
   00:00:00:00:00:02    00:00:00:00:00:05  [5[1,2,5,6,7,8,26,29], 6[1,2,5,6,7,8,26,29]]
   00:00:00:00:00:02    00:00:00:00:00:08  [5[1,2,5,6,7,8,26,32], 6[1,2,5,6,7,8,26,32]]
   00:00:00:00:00:02    00:00:00:00:00:04  [3[5,6,26,28], 5[1,2,5,6,25,26,27,28], 6[1,2,5,6,26,28], 7[1,2,3,4,5,6,26,28]]
   00:00:00:00:00:02    00:00:00:00:00:1a  [6[1,2,3,4,5,6,15,16,23,26]]
   00:00:00:00:00:02    00:00:00:00:00:10  [5[1,2,5,6,11,12,26,40], 6[1,2,5,6,11,12,26,40]]
   00:00:00:00:00:02    00:00:00:00:00:18  [6[1,2,3,4,5,6,13,14,21,26]]
   00:00:00:00:00:02    00:00:00:00:00:19  [6[1,2,3,4,5,6,15,16,22,26]]
   00:00:00:00:00:02    00:00:00:00:00:0e  [5[1,2,5,6,11,12,26,38], 6[1,2,5,6,11,12,26,38]]
   00:00:00:00:00:02    00:00:00:00:00:01  [3[5,6,25,26], 5[1,2,5,6,25,26,27,28], 6[1,2,5,6,25,26], 7[1,2,3,4,5,6,25,26]]
   00:00:00:00:00:02    00:00:00:00:00:14  [6[1,2,3,4,5,6,17,18,26,44]]
   00:00:00:00:00:02    00:00:00:00:00:0b  [5[1,2,5,6,9,10,26,35], 6[1,2,5,6,9,10,26,35]]
   00:00:00:00:00:02    00:00:00:00:00:0a  [5[1,2,5,6,9,10,26,34], 6[1,2,5,6,9,10,26,34]]
   00:00:00:00:00:02    00:00:00:00:00:0c  [5[1,2,5,6,9,10,26,36], 6[1,2,5,6,9,10,26,36]]
   00:00:00:00:00:02    00:00:00:00:00:0d  [5[1,2,5,6,11,12,26,37], 6[1,2,5,6,11,12,26,37]]
   00:00:00:00:00:02    00:00:00:00:00:03  [3[5,6,26,27], 5[1,2,5,6,25,26,27,28], 6[1,2,5,6,26,27], 7[1,2,3,4,5,6,26,27]]
   00:00:00:00:00:02    00:00:00:00:00:11  [6[1,2,3,4,5,6,17,18,26,41]]
   00:00:00:00:00:02    00:00:00:00:00:0f  [5[1,2,5,6,11,12,26,39], 6[1,2,5,6,11,12,26,39]]
   00:00:00:00:00:02    00:00:00:00:00:12  [6[1,2,3,4,5,6,17,18,26,42]]
   00:00:00:00:00:02    00:00:00:00:00:15  [6[1,2,3,4,5,6,17,18,26,45]]
   00:00:00:00:00:02    00:00:00:00:00:13  [6[1,2,3,4,5,6,17,18,26,43]]
   00:00:00:00:00:0f    00:00:00:00:00:16  [6[1,2,3,4,11,12,13,14,19,39]]
   00:00:00:00:00:0f    00:00:00:00:00:06  [5[1,2,7,8,11,12,30,39], 6[1,2,7,8,11,12,30,39]]
   00:00:00:00:00:0f    00:00:00:00:00:07  [5[1,2,7,8,11,12,31,39], 6[1,2,7,8,11,12,31,39]]
   00:00:00:00:00:0f    00:00:00:00:00:1b  [6[1,2,3,4,11,12,15,16,24,39]]
   00:00:00:00:00:0f    00:00:00:00:00:17  [6[1,2,3,4,11,12,13,14,20,39]]
   00:00:00:00:00:0f    00:00:00:00:00:09  [5[1,2,9,10,11,12,33,39], 6[1,2,9,10,11,12,33,39]]
   00:00:00:00:00:0f    00:00:00:00:00:05  [5[1,2,7,8,11,12,29,39], 6[1,2,7,8,11,12,29,39]]
   00:00:00:00:00:0f    00:00:00:00:00:08  [5[1,2,7,8,11,12,32,39], 6[1,2,7,8,11,12,32,39]]
   00:00:00:00:00:0f    00:00:00:00:00:04  [5[1,2,5,6,11,12,28,39], 6[1,2,5,6,11,12,28,39]]
   00:00:00:00:00:0f    00:00:00:00:00:1a  [6[1,2,3,4,11,12,15,16,23,39]]
   00:00:00:00:00:0f    00:00:00:00:00:10  [3[11,12,39,40], 5[1,2,11,12,37,38,39,40], 6[1,2,11,12,39,40], 7[1,2,3,4,11,12,39,40]]
   00:00:00:00:00:0f    00:00:00:00:00:18  [6[1,2,3,4,11,12,13,14,21,39]]
   00:00:00:00:00:0f    00:00:00:00:00:19  [6[1,2,3,4,11,12,15,16,22,39]]
   00:00:00:00:00:0f    00:00:00:00:00:0e  [3[11,12,38,39], 5[1,2,11,12,37,38,39,40], 6[1,2,11,12,38,39], 7[1,2,3,4,11,12,38,39]]
   00:00:00:00:00:0f    00:00:00:00:00:01  [5[1,2,5,6,11,12,25,39], 6[1,2,5,6,11,12,25,39]]
   00:00:00:00:00:0f    00:00:00:00:00:14  [6[1,2,3,4,11,12,17,18,39,44]]
   00:00:00:00:00:0f    00:00:00:00:00:0b  [5[1,2,9,10,11,12,35,39], 6[1,2,9,10,11,12,35,39]]
   00:00:00:00:00:0f    00:00:00:00:00:0a  [5[1,2,9,10,11,12,34,39], 6[1,2,9,10,11,12,34,39]]
   00:00:00:00:00:0f    00:00:00:00:00:0c  [5[1,2,9,10,11,12,36,39], 6[1,2,9,10,11,12,36,39]]
   00:00:00:00:00:0f    00:00:00:00:00:0d  [3[11,12,37,39], 5[1,2,11,12,37,38,39,40], 6[1,2,11,12,37,39], 7[1,2,3,4,11,12,37,39]]
   00:00:00:00:00:0f    00:00:00:00:00:03  [5[1,2,5,6,11,12,27,39], 6[1,2,5,6,11,12,27,39]]
   00:00:00:00:00:0f    00:00:00:00:00:11  [6[1,2,3,4,11,12,17,18,39,41]]
   00:00:00:00:00:0f    00:00:00:00:00:02  [5[1,2,5,6,11,12,26,39], 6[1,2,5,6,11,12,26,39]]
   00:00:00:00:00:0f    00:00:00:00:00:12  [6[1,2,3,4,11,12,17,18,39,42]]
   00:00:00:00:00:0f    00:00:00:00:00:15  [6[1,2,3,4,11,12,17,18,39,45]]
   00:00:00:00:00:0f    00:00:00:00:00:13  [6[1,2,3,4,11,12,17,18,39,43]]
   00:00:00:00:00:12    00:00:00:00:00:16  [5[3,4,13,14,17,18,19,42], 6[3,4,13,14,17,18,19,42]]
   00:00:00:00:00:12    00:00:00:00:00:06  [6[1,2,3,4,7,8,17,18,30,42]]
   00:00:00:00:00:12    00:00:00:00:00:07  [6[1,2,3,4,7,8,17,18,31,42]]
   00:00:00:00:00:12    00:00:00:00:00:1b  [5[3,4,15,16,17,18,24,42], 6[3,4,15,16,17,18,24,42]]
   00:00:00:00:00:12    00:00:00:00:00:17  [5[3,4,13,14,17,18,20,42], 6[3,4,13,14,17,18,20,42]]
   00:00:00:00:00:12    00:00:00:00:00:09  [6[1,2,3,4,9,10,17,18,33,42]]
   00:00:00:00:00:12    00:00:00:00:00:05  [6[1,2,3,4,7,8,17,18,29,42]]
   00:00:00:00:00:12    00:00:00:00:00:08  [6[1,2,3,4,7,8,17,18,32,42]]
   00:00:00:00:00:12    00:00:00:00:00:04  [6[1,2,3,4,5,6,17,18,28,42]]
   00:00:00:00:00:12    00:00:00:00:00:1a  [5[3,4,15,16,17,18,23,42], 6[3,4,15,16,17,18,23,42]]
   00:00:00:00:00:12    00:00:00:00:00:10  [6[1,2,3,4,11,12,17,18,40,42]]
   00:00:00:00:00:12    00:00:00:00:00:18  [5[3,4,13,14,17,18,21,42], 6[3,4,13,14,17,18,21,42]]
   00:00:00:00:00:12    00:00:00:00:00:19  [5[3,4,15,16,17,18,22,42], 6[3,4,15,16,17,18,22,42]]
   00:00:00:00:00:12    00:00:00:00:00:0e  [6[1,2,3,4,11,12,17,18,38,42]]
   00:00:00:00:00:12    00:00:00:00:00:01  [6[1,2,3,4,5,6,17,18,25,42]]
   00:00:00:00:00:12    00:00:00:00:00:14  [3[17,18,42,44], 5[3,4,17,18,41,42,43,44,45], 6[3,4,17,18,42,44]]
   00:00:00:00:00:12    00:00:00:00:00:0b  [6[1,2,3,4,9,10,17,18,35,42]]
   00:00:00:00:00:12    00:00:00:00:00:0a  [6[1,2,3,4,9,10,17,18,34,42]]
   00:00:00:00:00:12    00:00:00:00:00:0c  [6[1,2,3,4,9,10,17,18,36,42]]
   00:00:00:00:00:12    00:00:00:00:00:0d  [6[1,2,3,4,11,12,17,18,37,42]]
   00:00:00:00:00:12    00:00:00:00:00:03  [6[1,2,3,4,5,6,17,18,27,42]]
   00:00:00:00:00:12    00:00:00:00:00:11  [3[17,18,41,42], 5[3,4,17,18,41,42,43,44,45], 6[3,4,17,18,41,42]]
   00:00:00:00:00:12    00:00:00:00:00:02  [6[1,2,3,4,5,6,17,18,26,42]]
   00:00:00:00:00:12    00:00:00:00:00:0f  [6[1,2,3,4,11,12,17,18,39,42]]
   00:00:00:00:00:12    00:00:00:00:00:15  [3[17,18,42,45], 5[3,4,17,18,41,42,43,44,45], 6[3,4,17,18,42,45]]
   00:00:00:00:00:12    00:00:00:00:00:13  [3[17,18,42,43], 5[3,4,17,18,41,42,43,44,45], 6[3,4,17,18,42,43]]
   00:00:00:00:00:15    00:00:00:00:00:16  [5[3,4,13,14,17,18,19,45], 6[3,4,13,14,17,18,19,45]]
   00:00:00:00:00:15    00:00:00:00:00:06  [6[1,2,3,4,7,8,17,18,30,45]]
   00:00:00:00:00:15    00:00:00:00:00:07  [6[1,2,3,4,7,8,17,18,31,45]]
   00:00:00:00:00:15    00:00:00:00:00:1b  [5[3,4,15,16,17,18,24,45], 6[3,4,15,16,17,18,24,45]]
   00:00:00:00:00:15    00:00:00:00:00:17  [5[3,4,13,14,17,18,20,45], 6[3,4,13,14,17,18,20,45]]
   00:00:00:00:00:15    00:00:00:00:00:09  [6[1,2,3,4,9,10,17,18,33,45]]
   00:00:00:00:00:15    00:00:00:00:00:05  [6[1,2,3,4,7,8,17,18,29,45]]
   00:00:00:00:00:15    00:00:00:00:00:08  [6[1,2,3,4,7,8,17,18,32,45]]
   00:00:00:00:00:15    00:00:00:00:00:04  [6[1,2,3,4,5,6,17,18,28,45]]
   00:00:00:00:00:15    00:00:00:00:00:1a  [5[3,4,15,16,17,18,23,45], 6[3,4,15,16,17,18,23,45]]
   00:00:00:00:00:15    00:00:00:00:00:10  [6[1,2,3,4,11,12,17,18,40,45]]
   00:00:00:00:00:15    00:00:00:00:00:18  [5[3,4,13,14,17,18,21,45], 6[3,4,13,14,17,18,21,45]]
   00:00:00:00:00:15    00:00:00:00:00:19  [5[3,4,15,16,17,18,22,45], 6[3,4,15,16,17,18,22,45]]
   00:00:00:00:00:15    00:00:00:00:00:0e  [6[1,2,3,4,11,12,17,18,38,45]]
   00:00:00:00:00:15    00:00:00:00:00:01  [6[1,2,3,4,5,6,17,18,25,45]]
   00:00:00:00:00:15    00:00:00:00:00:14  [3[17,18,44,45], 5[3,4,17,18,41,42,43,44,45], 6[3,4,17,18,44,45]]
   00:00:00:00:00:15    00:00:00:00:00:0b  [6[1,2,3,4,9,10,17,18,35,45]]
   00:00:00:00:00:15    00:00:00:00:00:0a  [6[1,2,3,4,9,10,17,18,34,45]]
   00:00:00:00:00:15    00:00:00:00:00:0c  [6[1,2,3,4,9,10,17,18,36,45]]
   00:00:00:00:00:15    00:00:00:00:00:0d  [6[1,2,3,4,11,12,17,18,37,45]]
   00:00:00:00:00:15    00:00:00:00:00:03  [6[1,2,3,4,5,6,17,18,27,45]]
   00:00:00:00:00:15    00:00:00:00:00:11  [3[17,18,41,45], 5[3,4,17,18,41,42,43,44,45], 6[3,4,17,18,41,45]]
   00:00:00:00:00:15    00:00:00:00:00:02  [6[1,2,3,4,5,6,17,18,26,45]]
   00:00:00:00:00:15    00:00:00:00:00:0f  [6[1,2,3,4,11,12,17,18,39,45]]
   00:00:00:00:00:15    00:00:00:00:00:12  [3[17,18,42,45], 5[3,4,17,18,41,42,43,44,45], 6[3,4,17,18,42,45]]
   00:00:00:00:00:15    00:00:00:00:00:13  [3[17,18,43,45], 5[3,4,17,18,41,42,43,44,45], 6[3,4,17,18,43,45]]
   00:00:00:00:00:13    00:00:00:00:00:16  [5[3,4,13,14,17,18,19,43], 6[3,4,13,14,17,18,19,43]]
   00:00:00:00:00:13    00:00:00:00:00:06  [6[1,2,3,4,7,8,17,18,30,43]]
   00:00:00:00:00:13    00:00:00:00:00:07  [6[1,2,3,4,7,8,17,18,31,43]]
   00:00:00:00:00:13    00:00:00:00:00:1b  [5[3,4,15,16,17,18,24,43], 6[3,4,15,16,17,18,24,43]]
   00:00:00:00:00:13    00:00:00:00:00:17  [5[3,4,13,14,17,18,20,43], 6[3,4,13,14,17,18,20,43]]
   00:00:00:00:00:13    00:00:00:00:00:09  [6[1,2,3,4,9,10,17,18,33,43]]
   00:00:00:00:00:13    00:00:00:00:00:05  [6[1,2,3,4,7,8,17,18,29,43]]
   00:00:00:00:00:13    00:00:00:00:00:08  [6[1,2,3,4,7,8,17,18,32,43]]
   00:00:00:00:00:13    00:00:00:00:00:04  [6[1,2,3,4,5,6,17,18,28,43]]
   00:00:00:00:00:13    00:00:00:00:00:1a  [5[3,4,15,16,17,18,23,43], 6[3,4,15,16,17,18,23,43]]
   00:00:00:00:00:13    00:00:00:00:00:10  [6[1,2,3,4,11,12,17,18,40,43]]
   00:00:00:00:00:13    00:00:00:00:00:18  [5[3,4,13,14,17,18,21,43], 6[3,4,13,14,17,18,21,43]]
   00:00:00:00:00:13    00:00:00:00:00:19  [5[3,4,15,16,17,18,22,43], 6[3,4,15,16,17,18,22,43]]
   00:00:00:00:00:13    00:00:00:00:00:0e  [6[1,2,3,4,11,12,17,18,38,43]]
   00:00:00:00:00:13    00:00:00:00:00:01  [6[1,2,3,4,5,6,17,18,25,43]]
   00:00:00:00:00:13    00:00:00:00:00:14  [3[17,18,43,44], 5[3,4,17,18,41,42,43,44,45], 6[3,4,17,18,43,44]]
   00:00:00:00:00:13    00:00:00:00:00:0b  [6[1,2,3,4,9,10,17,18,35,43]]
   00:00:00:00:00:13    00:00:00:00:00:0a  [6[1,2,3,4,9,10,17,18,34,43]]
   00:00:00:00:00:13    00:00:00:00:00:0c  [6[1,2,3,4,9,10,17,18,36,43]]
   00:00:00:00:00:13    00:00:00:00:00:0d  [6[1,2,3,4,11,12,17,18,37,43]]
   00:00:00:00:00:13    00:00:00:00:00:03  [6[1,2,3,4,5,6,17,18,27,43]]
   00:00:00:00:00:13    00:00:00:00:00:11  [3[17,18,41,43], 5[3,4,17,18,41,42,43,44,45], 6[3,4,17,18,41,43]]
   00:00:00:00:00:13    00:00:00:00:00:02  [6[1,2,3,4,5,6,17,18,26,43]]
   00:00:00:00:00:13    00:00:00:00:00:0f  [6[1,2,3,4,11,12,17,18,39,43]]
   00:00:00:00:00:13    00:00:00:00:00:12  [3[17,18,42,43], 5[3,4,17,18,41,42,43,44,45], 6[3,4,17,18,42,43]]
   00:00:00:00:00:13    00:00:00:00:00:15  [3[17,18,43,45], 5[3,4,17,18,41,42,43,44,45], 6[3,4,17,18,43,45]]
